16038690911099989008
12291069417530235958
17656180476025020967
6717373087289707404
14913143749267083305
13634275384330666433
7219440245156250206
6795402453306569991
18117580836578531656
9685628566379735871
17239426760534140337
13239257609534565043
14646446175040598456
14489096917893758290
2513944349227646460
7071423053577972452
16071870666588905511
5403854041304308820
18314333842625123994
6487468517114431563
15541093023061886314
15499393032850296791
18435850337823455662
12670251904284207896
15661759240230916924
16868202515328980702
13784579808153330743
1014535364197113619
9565795953807954822
13575033662265142824
17844630929695635500
17433877907895505090
18365448425784720989
13992595605220490658
9431738208333933714
16981528710752306942
3713973569040925166
4653575046340802754
14906961238654638031
8594001695882709108
5097476964492224951
15120458236531287381
15346707357938529812
1186028044833982509
7727333357654116304
16537588419004618814
14184569902048451487
13510281508697052650
6531519790276961641
726786857172860168
