1362953593
591159998
62922527
323150444
536838197
383249610
1917947451
45201752
2117397169
1374686102
314626839
1463096068
108822765
379144994
309692851
527588208
1680686825
1101330286
62197263
1828306588
118612133
430775418
767458347
2016553096
1457840673
48268870
1118220295
386221364
579632989
596558034
385107363
1917550752
1192670297
1165236254
922458367
637011660
1249197333
2143655978
1979368987
939836344
1710855569
1979518198
1391831287
303981412
1016134093
929366658
1330765203
1779454416
952133065
191153358
322093039
1156627196
1314952581
915169242
2073390091
17599208
471467265
73441190
1848425959
311651732
681635901
568791090
251482499
1594085120
934368057
351403390
867795679
1666636588
1925900789
1546417034
819817979
283934232
1638740081
65420886
1552608983
221733828
1855152813
1000335842
1663410547
1076426800
1915780265
945209902
1236197839
1566402396
57358949
1871762234
971099115
1409785160
114956257
1999169798
1947155399
1369261556
973033757
366645138
45731171
1128451424
910483993
1351488222
200400063
32989068
666404565
6586090
1550943707
360769656
864533329
1032036278
142124215
974656548
1245428621
715260226
1047057747
349458064
1639285641
1834151822
656503727
1121436604
1391054661
1595045530
1880857547
792420264
1465719489
1125212774
1531324839
1538969172
1650434557
213991154
1889646915
136346560
1376346361
52451390
765240991
1685165036
871764917
1288026698
1311706555
970588888
432092721
816656662
196528791
911766660
960627821
398674082
1838381363
1193956592
1418164841
456215790
125990287
771215388
630477861
728320506
1102764971
1019204104
1239092641
468847558
113870727
1686374068
1769595613
536026706
1932334371
45406752
372690905
58772894
1655824511
425556044
507220117
765994410
2005796251
1578093880
1318166801
926610038
2000511095
1267762404
1633566029
576438274
421367059
574819152
333341001
2127157838
583657327
55938172
539150597
116215130
1849133963
313324648
378269825
27452710
898717031
1267789588
1392907197
1959275954
1087627523
1947723904
168111801
1955033854
1361676895
1532169388
692125045
459522314
1711697275
1312442264
137427953
1996809174
939812439
1868055876
608724525
1975740258
92213491
1563849136
1693595689
552900526
217041231
1401485532
592260581
804683962
1359588203
857392840
1906819937
1073475206
43356999
477726580
1589392541
1016622354
739122403
157394656
816610713
1158432862
2063311935
283791628
1404983893
441486442
1125139803
1114731000
2027374289
1642267958
386128951
1128773028
532184845
1230126786
321914067
454854672
150667017
1451853070
904665903
1529484604
1271628485
1893524506
1638480715
203508008
191268417
1859463142
1691238695
248893396
139740541
884726898
592693443
1537873216
157596793
803687870
1042296351
1287341420
1483450165
986089418
1411616059
1590512728
1320976817
900552342
959693335
351720964
761694189
1616922146
1051224243
1796034160
1026602473
1080074862
1773591823
47243676
1918224293
536377210
864959275
2010676104
268450081
1913033030
791895815
104712244
126240349
646609874
823977123
1879651232
258337625
1005617950
1418668031
1298000332
771810325
421376810
2058896667
862312120
874032273
2084296694
529274871
1576904292
1661632717
172326274
543177875
1210107088
986406089
1263661006
1346899695
1595235836
732167301
530660058
1982901003
1012424168
665639937
2036869798
280816871
306802836
1342846781
1734101810
2078371971
932643328
971508281
1006626942
1413517791
2104114732
120983797
1571688074
877030651
1012076824
1327744881
191269206
654630359
1140074180
308046253
576316642
1825538163
426699568
922940329
808807726
1838657743
814713436
1215177061
1580150330
1963494123
196669512
1990487777
13759494
342026951
1854982388
295180317
1485392530
1176071267
258703456
2082674969
1324187102
791440319
1937261196
1388522965
1020238314
440796379
1638726520
1108726353
84241078
144053175
410146596
1226064525
267746370
1953379411
839893392
1661958793
1944263310
563987119
1675060924
1433155141
1442468250
395172555
68301480
488567233
1344007526
555571367
44814676
937945341
1734965746
1849481283
1084141248
1162811385
1603355454
860534175
1914697452
996162229
1994020170
1647250619
2005636568
723963185
1458600982
1496824215
1494235012
1357515629
1181762466
599021619
1360742384
1814622569
1731393518
676480143
293925660
458636069
224044282
1631099563
796665096
928277665
2065569478
2044999303
1647479220
1790028253
223664466
1858319395
4754720
10749657
616773790
177434495
1744395084
667236245
1478901930
1568244891
1040638008
613333009
989838710
165793655
795199460
798344269
1159871234
52030483
564756048
2072467529
654116174
430782063
2117087100
518270981
380119130
1904265867
68077416
1568458625
1638952998
1034912871
1287451156
229464765
1336109234
1579548675
1870732160
358213049
559635966
989763935
1872523180
984228981
957045770
2040360059
1630984856
1149604593
923479766
1737250135
1896548420
651128109
392389218
924250099
986866864
912437033
471417518
1772525647
443620316
550376677
272292794
64907883
1675762120
600840801
799734150
1735868999
769854068
1083374493
1068312594
1859894243
459299296
1722332313
607236958
646198079
1335964684
1388773717
2111940458
1074971739
2033419512
490954193
485150774
456084279
530053284
877594125
1418443202
2319315
531495696
1039332873
2069868558
1748396591
48216124
499902917
610975514
1875475019
487463976
445013313
1558557414
1311993895
490525396
1595575421
2060064626
1868359619
2097039424
1405645689
1209940158
186400031
2057283692
181653045
385950410
1448184891
169140056
1023416497
175546774
700625175
1755617540
298618605
536035618
985089971
1062486384
795880681
1168657774
1096068111
1311900
1318432421
160420474
683276843
1772801672
1305972769
758684742
618401287
1583500084
16518493
710031058
1243710371
2037573280
938549849
1945693726
46053119
254790860
965249813
12701226
2110899227
66251192
770950033
1770431222
1950254839
633923940
889194445
686946434
1598725011
1960654800
605180873
1204493006
2096717295
111542524
669213573
33691098
1042803211
1875914984
1174123265
813413798
2053708775
1626043284
2045738557
60655154
94474115
1641428224
1784332601
1520030590
56860895
1474928940
1906128885
1132177802
336292859
1122346008
1985371761
1878185046
932891863
1553787332
1335980205
719314914
39149427
123788848
823225001
446699566
2132574159
925740380
1517095013
1545177402
1535855083
1100366664
120243681
1116143366
970103239
1081101300
1504501533
1208223122
1146424163
1933587296
1044205593
2061035742
1594030783
1264919948
30004437
1938207978
309756891
251989624
408938833
529741238
214926007
1052285476
1332267405
1830090562
1414501203
704066704
1738895753
587154830
129372591
1581451708
1391107397
1915628698
1213995467
1561658792
295487681
187856998
705726375
1149817940
1810640893
1155380466
1152644931
1456005568
47238905
529411646
1133823135
205150700
1959158197
825946186
243993531
476653784
306734129
1178584854
1758767255
699660932
1577980525
1122582178
565262131
2075671280
1426483305
297837294
851317647
1954420252
974397989
714604538
1746033067
744781832
1636416417
2119573958
1847256455
1624050868
946172125
1401066578
1630950179
562577440
55393753
1603380126
990969471
1761689164
290119317
686840746
968950683
187298616
1581764369
2110818422
480394871
656870116
1632193357
196392450
1391610643
129757520
40652617
1673277518
2016183663
511103612
1956747013
2007958362
975571339
94149224
1864998529
1539963686
82424679
886371604
47227325
1498063794
273948419
1419136640
116038841
498813182
728737887
1548866220
1510951797
318699274
1636854651
1734307224
1922443761
740129238
1429226583
1823066948
2060612653
852450658
1821036275
1159354288
1963927081
1640623534
737765199
751124188
592116709
1472935610
1510943083
718630088
783577441
795214982
1232400711
205032820
1256571549
1200481042
1686461155
1561005280
1356917657
149102174
1453900351
214177548
231450709
868139626
1869693787
690067448
1097561297
50240310
460765751
1540635556
140610829
798045378
250790611
384527888
774302985
549575438
2115811631
469850940
583553221
1430559258
2135275851
1244065576
274871361
1359101414
1924439847
1586484692
1281151869
463753842
205653699
335444800
543697529
467739582
1521765407
1290799980
657978677
1535622602
1759218491
881357400
956280753
4975766
1416470551
37641220
598644205
89275426
1990338227
1279734896
720085993
24901742
2056157967
348333980
198284709
108211578
2101459243
2108236168
7005985
1685497670
329301255
1332923956
2129515613
1592127954
1375871651
1049139616
817387865
495802654
831145471
460173260
1561080341
1722935594
1866941211
1504443576
1133173393
1843228150
1091368439
427830372
577867469
1131049858
2081487507
541436624
1687505609
818955726
155626735
1805820924
857655941
229568730
1132144907
1265894376
1728481793
1503346854
456215271
779712148
374392125
648724786
473804419
230778880
956921913
549437054
824356831
584385580
570449653
1033192586
1076652795
1420048152
1195701617
1636507478
2118958039
120696004
375551917
87153378
330776179
973001008
1348198825
664191790
1849511631
557305948
694677349
424666170
1567230187
631215688
678239457
1816660486
1415465159
2000408308
37594653
340443282
1835838051
515958368
1821607705
72373214
192252351
968755340
617380821
1418317802
889389787
1300832632
644218961
1026359478
86307255
1558895908
1295601805
1912631874
1309471315
747284368
1601661065
715616398
1231708335
1645915324
996475973
1672349594
1921407179
1782831272
618045377
609551206
1713354407
1364318036
1852602109
1428025330
1678186051
2057245888
2056160761
1930893630
1316672415
1656798444
1344833717
736594762
1128467131
1483914200
1059453745
781914646
713922455
1480834436
1353587053
1026439586
1468667443
1996566000
2132795241
1255820782
382067343
115554588
1909328165
857823994
1179130027
1668860680
947589793
1436167366
1399690375
273911732
1117075421
578572114
981791267
376697632
238187737
1676414622
1680510335
1282744652
1254917525
1342600874
2086961819
1970865720
1807541777
799888246
528395639
1658080740
1719194189
638791938
2024188435
75129936
411911753
1694980942
776459375
338261372
291175941
1510071898
942098571
1196846440
999454081
535791142
2067784295
869857300
577759421
1102962354
1197358595
1398243712
1320637369
430388222
310163295
1366504876
2003858037
1497272842
232745595
280232088
40026353
104580310
1894789975
305434180
273775405
2013747298
366652915
739134128
284663081
570857646
1139291727
981819868
449045221
916951482
1134291051
938786760
39110753
1865224070
412000327
1736052852
1840548253
70950418
2097871331
2120335328
1599414937
589334878
2070499647
2018703884
1959546709
1810357610
1093386843
37464824
1431276497
1142842934
131737911
670858916
200283149
174239682
798892499
819257616
1234625545
1991247374
1738475567
1452211772
1254143941
862614810
1964107
1131135528
1559890753
2066401510
1112657447
47110356
1075518077
1196068210
1778591171
1353363008
1598284153
1529876158
484989727
1940680300
496507957
945445066
2076281403
237503832
851134129
1194145686
691310359
298065668
1393335533
1081947938
1651049907
1105602416
530782953
601596782
90458639
1893616284
436829349
1185056890
556103723
1674802312
398081569
1203810886
1803643911
158290228
1901828957
1950723282
952025507
1867140256
1773899865
1756218398
1358025983
571970252
143382805
2062418986
1058587163
1687228344
1692266897
960510198
1979147511
1763929956
459216333
162459266
1723029907
2052726224
1817461193
912355534
1697643503
1040926460
1029058949
1923599322
1982490635
2135152360
2060280065
617008038
1662351847
720599444
355339325
8649778
800443779
1800968960
368324409
1047636350
1300086495
237791020
140477941
2080038794
682191355
563005976
837782641
271542870
1796909783
1941073860
1453293229
1632622050
284499315
1632158768
81942697
119107118
721034703
514716508
626972261
1171406650
1789183979
1742006600
1248556001
773133574
1409677255
1123242484
2068475165
1834843026
828393827
1106090336
1998962201
458473182
612636863
1854073740
734733013
265874154
1911259611
1295594616
1546131281
231918518
1637245111
587800612
847632269
1320676674
1369854291
1774852752
981819273
987470734
1455075247
526274492
2128309061
1517937306
101488587
1537125288
1187804865
1266912870
1162536359
1493621332
795393533
1210723058
1010185539
1545684928
478690553
170656830
1140646559
632496108
1032236981
383788618
1884752315
1537756888
566202929
1073896726
241338007
348094596
415899757
1698641058
893318451
1928732912
1517639273
1115683054
1147777423
2025085980
847507493
1459009018
1809438635
79240712
740845985
820656070
433865607
549851828
2034302685
708971090
1789890851
252421664
290696153
1641183646
1977621631
1112867916
1145711765
2104005034
358875547
754194744
1022229777
9838198
41360503
309170404
790911309
1144892418
1681328403
1206179664
770325833
1524532814
738141039
256383100
1695573253
1839249754
1535412107
2033991784
850873473
1579225382
280105319
2043214612
1552625597
956111282
1933860099
465876096
1556089529
1159667454
1613088351
2130745516
47028597
1003105546
1854564731
221549464
1676367857
1969622998
718021207
296440132
1464631853
386618210
587631859
531512752
2048660521
214909870
561186127
1941013724
2000210405
1557130426
813999979
994054856
246488929
520100486
1153716039
1873253236
419385501
632510738
678205667
795112160
33905049
585757790
80076863
1112399116
2009658965
1448933482
625099099
880918008
1223664337
273297718
1348048951
873513380
788175629
352332482
1378189523
493507600
4381449
757739790
347952943
1653121340
95755973
1859932186
1649555275
953980200
1884152385
190796774
755694887
972676052
710238589
767346802
2023769283
1661133120
6002809
906688958
1102604831
517263724
1576289077
1568207818
2130938171
1190369368
439541169
253395606
404192791
1194713604
266773485
24392226
1846273203
1345395312
2107019753
1556565614
1372985615
1147497884
1765630885
2048779130
73742123
1277806472
63280417
118930758
478026503
1012388916
1212506717
443639762
1851220131
1001914272
1392166745
89796382
1358259199
1395488204
738689045
1836457770
1564885275
1419911864
32311441
2075067382
50189303
1152561764
264805581
733964674
254916755
857379024
726612169
142515150
11881199
769649148
914987141
1626121946
1177921291
994028008
1901082625
1107187366
1108715751
106527892
1720144701
1093220146
805956739
714853888
1897588281
1672451198
1215614431
1240451628
347778293
783055498
1031956731
1504009496
643179377
736081238
1845795287
1377776324
5801389
1866060002
1779367027
759084848
1050988457
1764235566
626191567
1603278428
1045544293
295737914
1933281003
943078472
1562757857
938352646
684304071
1402393844
886256669
54277778
3139683
214322272
1307833625
1877158366
439265215
431214220
113625557
1433667050
959447259
1041581944
698756689
1099208374
304336823
1091789604
1867406989
859531330
1327214675
297110928
1758418569
60540558
531037871
1175319228
223203909
110214554
1928255179
1629847208
1736330689
817764710
932320423
195550548
518063357
1308780018
1027691587
726629056
1488843769
348974910
337310111
85033708
752932533
572834122
96929979
1443488216
706029873
712353814
72578455
254231428
643966829
1797009314
718263347
529994736
1460063593
682730478
732528783
2045869852
1815467813
1175982330
1221039787
1076195592
747749537
1078346438
828830343
1109693876
1281934813
450086226
1639329827
995055904
2091967193
155509918
1613867903
2057365324
1841550229
1628875946
1958707355
1637559352
1104876561
545974646
898337655
1710412772
726392909
372516610
94595091
33245776
847459401
1967239502
1632793199
1070775164
1606536197
1653314650
339592843
1263407976
1150821249
1180605478
893403239
916782612
555906749
1862816946
67533827
1574823808
553959865
1344473598
74110303
351927212
1814478965
1788987402
1938909307
216082072
120581873
698112726
1925452119
453907524
1069779245
1071337058
68054003
1341796528
545033001
1378086574
882496591
139044828
682209509
2051295162
281634411
1689740744
1137276513
1860117894
1041628743
1421940340
1019615133
1542984722
1453996003
538125792
686919833
943677278
1656647487
448053260
113352021
589173610
196395099
1878249720
206289361
394394678
1693779767
806421668
1635852813
2137630146
1720246227
212584208
1110102537
1949326350
1970775599
1877886012
1134921157
932850458
367162955
1517905960
979220801
832560870
585116711
873520852
2064361597
2130379634
672752579
2064061504
1940868985
1550967998
958691615
2120823916
1481402933
2061733578
1654753339
250293080
1600550065
135515542
286682391
1385407748
1245489901
2016881954
160089011
656936304
885393641
1547630958
1340336143
1062768796
1768770213
1357201018
385938987
1722555016
881650721
1383647302
378980871
405559092
1940597085
23667410
1657536419
1406251680
1551236697
596810270
563409663
1588549836
931079957
1850358314
969916443
1507800504
179838865
1697238774
1478509303
1546515812
1873683405
1503388802
1703679891
2055668688
294006729
1462224590
1272355311
1797295356
247005061
142442970
597485067
795311336
982454017
1631707558
674355175
1890287508
2052889149
412774962
221907843
2072707328
981310777
1081704318
302505183
102706476
923915253
95032714
1857513467
753397784
343456369
1687945302
1997179095
1383593412
59608237
1592773602
251976563
1306569264
1839417001
2109916206
1296546767
333330780
1681957989
750449978
1731085803
1187221320
1352409569
970140422
1118393799
1495685108
517471005
99021202
1239123811
793444192
1627270169
838767838
1551185599
1800450444
633106645
1432035562
2060484571
1344100984
2128627025
138568118
114114231
1728685604
1939006861
1334502210
913117011
1414332560
1515539849
887615886
338644399
103388604
1455176005
401971354
690820555
718819752
1995187393
67413094
754271143
422895700
752176125
380018930
1462268739
405384640
523217657
1123670590
785711263
819717612
238484917
2109037642
1939015611
2006414552
1210499121
502592278
2086691991
2004551300
1769352813
2126850722
675066675
753141488
1691632745
762269422
1015369615
983212572
249806373
814050298
1292981675
1170064392
699864993
867061190
168665479
611260596
739019997
607223890
261672739
1262423072
1078598105
172183454
320813695
626575948
926513813
722519978
175570843
1131298616
1787046673
1066120310
683407991
224663268
1257203533
1274454530
1290520339
1656601936
374877001
1680923726
1044496751
1439260284
1903112965
1757572954
1381172619
1837885032
1630861953
145237798
1491758951
443351316
1614134717
333418418
1772395267
1235425920
193296569
1790113022
1867244639
1130323628
595322741
365257482
217343867
1069136280
1546683889
1390323158
953679959
1583142724
968265773
578242914
686967539
1827808176
1947796009
570726830
1834787663
676186844
521574373
1057268410
1416242539
1683667144
295554401
248131718
1954786631
1187420532
1225318045
1460195090
2009323235
7198944
1142540185
320916062
89325119
830972684
297157717
36384362
1686323035
1687282680
258199761
163956534
900494903
1274890148
327395597
2040471746
1556627155
781793808
2135869705
2076346126
2043540783
784328508
1955720389
1034159642
181318987
1480735528
724144193
502032870
332487463
554951124
574484349
1795505778
1752072899
1219970880
691996281
2120535998
1932298271
1114216300
2090897717
1083845066
379291451
370064984
1918241713
1645811862
70343703
1675454468
1913565677
1422272546
619029171
1993015408
892436457
1380099182
1871558415
297251740
177811877
2063112570
1224258859
1666870664
437273377
1508299590
1238071559
1290590772
1670180957
1496112594
102538915
1737975200
1982674265
1935082782
852525567
1956461516
452120085
761943338
1152728859
608716984
1866413713
632330742
1700704759
1603614820
722447053
1128554370
1505916563
10450640
251209417
1381822926
915663087
634204156
904160901
425352410
2120230155
196825064
1183442433
848391334
90834663
434733716
1085137213
920104242
927345283
237384704
1646023737
80702078
439806943
1924829228
1600453365
821276810
742942459
1263960856
1817661809
1784957782
1982625751
616347844
1346278317
1618069218
1876343411
1932434736
31309225
1961455406
316181199
1805147228
120294245
1193365562
914162923
1132257864
349075681
1673803270
296027335
60938996
693682717
626896018
2120427107
1501278816
541352729
296091614
1532478911
324637836
2024740821
1066286058
650968795
860974456
1272339537
302787766
798141879
1156311332
793996429
1403412034
2006609491
1636856720
2132231305
2126519438
609459375
263272636
1260822597
1051030426
415716555
1756832936
1695939521
1968648038
359953063
833479508
1229296381
1377229810
2045481539
1387258048
1608344057
1152566590
69930911
1494370540
1367942325
1502738250
700122811
1884358616
1811175217
1249918486
1720275863
2109393284
1376138605
1345988002
495292979
1255995888
1943911273
12122606
1727864463
1789904156
177055013
1178519290
1756828843
1166153480
328756897
992106694
332419207
2007342004
137122781
1985690450
1683451427
1859829536
1277120729
349026974
2124990847
1920773452
279650709
190243498
1183481499
40718904
652821009
228097910
1275619703
952195556
2114907725
361045250
705701395
439103568
1231626825
1470891854
852299887
19661180
169384453
809847386
96748683
267762024
2022560129
1425912358
1806736999
1428227092
163906749
1468189362
337558019
252988800
205664185
1154408446
281604959
976273836
416091765
1832189450
716400251
1438534808
1391271153
556593366
1829236567
194484804
891655981
1860125794
28453363
647370416
