0
0
0
0
0
0
0
0
0
0
0
0
0
0
0
0
0
0
0
0
0
0
0
0
0
0
0
0
0
0
0
0
0
0
0
0
0
0
0
0
0
0
0
0
0
0
0
0
0
0
0
0
0
0
0
0
0
0
0
0
0
0
0
0
0
0
0
0
0
0
0
0
0
0
0
0
0
0
0
0
0
0
0
0
0
0
0
0
0
0
0
0
0
0
0
0
0
0
0
0
0
0
0
0
0
0
0
0
0
0
0
0
0
0
0
0
0
0
0
0
0
0
0
0
0
0
0
0
0
0
0
0
0
0
0
0
0
0
0
0
0
0
0
0
0
0
0
0
0
0
0
0
0
0
0
0
0
0
0
0
0
0
0
0
0
0
0
0
0
0
0
0
0
0
0
0
0
0
0
0
0
0
0
0
0
0
0
0
0
0
0
0
0
0
0
0
0
0
0
0
0
0
0
0
0
0
0
0
0
0
0
0
0
0
0
0
0
0
0
0
0
0
0
0
0
0
0
0
0
0
0
0
0
0
0
0
0
0
0
0
0
0
0
0
0
0
0
0
0
0
0
0
0
0
0
0
0
0
0
0
0
0
0
0
0
0
0
0
0
0
0
0
0
0
0
0
0
0
0
0
0
0
0
0
0
0
0
0
0
0
0
0
0
0
0
0
0
0
0
0
0
0
0
0
0
0
0
0
0
0
0
0
0
0
0
0
0
0
0
0
0
0
0
0
0
0
0
0
0
0
0
0
0
0
0
0
0
0
0
0
0
0
0
0
0
0
0
0
0
0
0
0
0
0
0
0
0
0
0
0
0
0
0
0
0
0
0
0
0
0
0
0
0
0
0
0
0
0
0
0
0
0
0
0
0
0
0
0
0
0
0
0
0
0
0
0
0
0
0
0
0
0
0
0
0
0
0
0
0
0
0
0
0
0
0
0
0
0
0
0
0
0
0
0
0
0
0
0
0
0
0
0
0
0
0
0
0
0
0
0
0
0
0
0
0
0
0
0
0
0
0
0
0
0
0
0
0
0
0
0
0
0
0
0
0
0
0
0
0
0
0
0
0
0
0
0
0
0
0
0
0
0
572320664
32766
572321408
32766
1270444032
32565
572321632
32766
2
0
1263841280
32565
1268353450
32565
0
0
0
0
0
0
0
0
0
0
572320760
32766
572321456
32766
0
0
1843200
0
1842600
0
1842600
0
0
0
5
0
3940352
0
3964928
0
3963040
0
3981792
0
1268394372
32565
3
32766
1259968866
32565
1270444032
32565
1268360290
32565
91472
0
1268394372
32565
5
0
1263878460
32565
1270557480
1
1268360290
32565
2208904
0
90112
0
3
0
0
0
0
1
147532
0
147532
0
0
0
5
0
2244608
0
0
0
1170
0
4096
0
1270567248
32565
0
0
4195408
0
0
0
1268426020
32565
0
0
1270444032
32565
47
0
1268372376
32565
1270558688
32565
21
0
4
1
10
0
4
20
1270567248
32565
572321408
32766
1268371513
32565
0
0
2147479968
3
572321408
32766
1268394372
32565
572321456
32766
1266096397
32565
1270556248
32565
1268360290
32565
572321456
32766
1268353060
32565
572321504
32766
1268371513
32565
1263858144
1
572321056
32766
0
0
1270558688
32565
572321560
32766
4195408
0
0
3
1270567200
32565
1263839392
32565
3981792
0
6
0
572320616
32766
64769
0
134423750
0
1
0
33261
0
0
0
0
0
2151672
0
4096
0
4208
0
1556208601
0
633928172
0
1530160934
0
0
0
1544717022
0
906254591
0
0
0
0
0
0
0
0
0
4195408
0
0
0
0
0
0
0
1270562816
32565
1270567248
32565
1268360566
32565
1
0
0
0
572321552
32766
0
0
1270567248
1
0
0
10
0
572321537
32766
0
32766
1270558688
32565
0
1
0
0
0
0
572321537
32766
0
32766
1270558688
32565
572327792
32766
832
0
1179403647
50397442
0
0
4063235
1
140512
0
64
0
2146808
0
0
3670080
4194314
4915276
6
5
64
0
64
0
64
0
560
0
560
0
8
0
3
4
1628816
0
1628816
0
1628816
0
572323112
32766
572323200
32766
0
0
572322144
32766
0
0
1259968866
32565
1268378514
32565
1270566792
32565
1268389652
32565
1270566792
32565
572323104
32766
572323096
32766
572323088
32766
1268378464
32565
572323112
32766
1270566792
32565
0
0
572323096
32766
0
0
1268378464
32565
1263831936
32565
-352321536
-244679
0
0
572322144
32766
0
0
1259968866
32565
-536870912
-244679
770703360
-26568908
1
0
572322144
32766
0
0
1263878460
32565
-530579456
-244679
770703360
-26568908
3942176
0
16
0
160
0
16
0
1685382480
4
1628844
0
1268355332
32565
1628844
0
1263831936
32565
572323200
32766
1268381755
32565
65536
65537
1268318209
32565
1
32766
1270565272
32565
0
0
1
0
1266052448
32565
1268380573
32565
1270565272
32565
0
0
0
0
572323088
32766
1268378464
32565
572323112
32766
4
20
0
0
-2009594486
-1518739322
1268364724
32565
-753557368
4
572453216
32766
0
0
1
0
-1340356096
0
1268366728
32565
1266096397
32565
572322336
32766
46165800
0
572453288
32766
572322608
32766
0
1076758578
742151304
1211239968
-1933540314
33556484
0
0
1268364724
32565
1270568672
32565
1259892096
32565
3
0
5
0
1038094023
0
1268366571
32565
-1258291199
-2147471336
572322464
32766
1259885092
32565
1259903880
32565
572322736
32766
572322720
32766
7
32565
1268367311
32565
0
0
1270447416
32565
1270444032
32565
1268328232
32565
1259945880
32565
1268327480
32565
0
1
491
1
1270566792
32565
572323072
32766
572322880
32766
1
0
1270447416
32565
1270568104
32565
1270565272
32565
1268367311
32565
0
0
1270447416
32565
1
32766
0
0
1
-26568908
1270565272
32565
0
0
0
0
4195392
0
-440401920
-244679
0
0
1270568104
32565
572322736
32766
572322720
32766
1038094023
0
1268328232
32565
-1
0
1263833120
32565
1259903880
32565
1270444032
32565
572323200
32766
1261175613
32565
0
32565
0
0
1
0
572453288
32766
0
32
0
0
0
0
1268380573
32565
1
0
1270565272
32565
1268329032
32565
7
0
1268327480
32565
1270562760
32565
572323200
32766
1268375567
32565
1
32766
0
0
0
32766
1268386839
32565
572323056
32766
572323064
32766
572323080
32766
0
0
572323176
32766
0
0
0
0
572323072
32766
1268327984
32565
572323176
32766
1268326400
32565
1270568104
32565
1268328400
32565
0
0
1268329056
32565
1268327312
32565
0
0
0
0
1259903880
32565
1259892096
32565
1268328624
32565
432
0
10
0
0
0
0
0
0
0
0
0
0
0
1270431744
32565
-1889789999
2708311
1270567248
32565
-1889948825
2708311
0
0
1268420872
32565
572327568
32766
1268342367
32565
0
0
0
0
0
0
0
0
1270568696
32565
0
0
0
0
0
0
1
0
1270567168
32565
1270433728
32565
0
0
572323329
32766
572323328
32766
0
0
0
0
0
0
0
0
0
0
0
0
0
0
572327832
32766
0
0
0
0
1
0
0
0
0
0
0
0
0
0
0
0
0
0
0
0
0
0
0
0
0
0
0
0
0
0
0
0
0
0
0
0
0
0
0
0
0
0
0
0
0
0
0
0
0
0
0
0
0
0
0
0
0
0
0
0
0
0
0
0
0
0
0
0
0
0
0
0
0
0
0
0
0
0
0
0
0
0
0
0
0
0
0
0
0
0
0
0
0
0
0
0
0
0
0
0
0
0
0
0
0
0
0
0
0
0
0
0
0
0
0
0
0
0
0
0
0
0
0
0
0
0
0
0
0
0
0
0
0
0
0
0
0
0
0
0
0
0
0
0
0
0
0
0
0
0
0
0
0
0
0
0
0
0
0
0
0
0
0
0
0
0
0
0
0
0
0
0
0
0
0
0
0
0
0
0
0
0
0
0
0
0
0
0
0
0
0
0
0
0
0
0
0
0
0
0
0
0
0
0
0
0
0
0
0
0
0
0
0
0
0
0
0
0
0
0
0
0
0
0
0
0
0
0
0
0
0
0
0
0
0
0
0
0
0
0
0
0
0
0
0
0
0
0
0
0
0
0
0
0
0
0
0
0
0
0
0
0
0
0
0
0
0
0
0
0
0
0
0
0
0
0
0
0
0
0
0
0
0
0
0
0
0
0
0
0
0
0
0
0
0
0
1374686102
314626839
1463096068
108822765
379144994
1917947451
45201752
2117397169
1374686102
314626839
1463096068
108822765
379144994
309692851
527588208
1680686825
1101330286
62197263
1828306588
118612133
430775418
767458347
2016553096
1457840673
48268870
1118220295
386221364
579632989
596558034
1979368987
939836344
1710855569
1979518198
1391831287
303981412
1016134093
929366658
1330765203
1779454416
952133065
191153358
322093039
1156627196
1314952581
915169242
2073390091
17599208
471467265
73441190
1848425959
311651732
681635901
568791090
251482499
1594085120
934368057
351403390
867795679
1666636588
1925900789
1546417034
819817979
283934232
1638740081
65420886
1552608983
221733828
1855152813
1000335842
1663410547
1076426800
1915780265
945209902
1236197839
1566402396
57358949
1871762234
971099115
1409785160
114956257
1999169798
1947155399
1369261556
973033757
366645138
45731171
1128451424
910483993
1351488222
200400063
32989068
666404565
6586090
1550943707
360769656
864533329
1032036278
142124215
974656548
1245428621
715260226
1047057747
349458064
1639285641
1834151822
656503727
1121436604
1391054661
1595045530
1880857547
792420264
1465719489
1125212774
1531324839
1538969172
1650434557
213991154
1889646915
136346560
1376346361
52451390
765240991
1685165036
871764917
1288026698
1311706555
970588888
432092721
816656662
196528791
911766660
960627821
398674082
1838381363
1193956592
1418164841
456215790
125990287
771215388
630477861
728320506
1102764971
1019204104
1239092641
468847558
113870727
1686374068
1769595613
536026706
1932334371
45406752
372690905
58772894
1655824511
425556044
507220117
765994410
2005796251
1578093880
1318166801
926610038
2000511095
1267762404
1633566029
576438274
421367059
574819152
333341001
2127157838
583657327
55938172
539150597
116215130
1849133963
313324648
378269825
27452710
898717031
1267789588
1392907197
1959275954
1087627523
1947723904
168111801
1955033854
1361676895
1532169388
692125045
459522314
1711697275
1312442264
137427953
1996809174
939812439
1868055876
608724525
1975740258
92213491
1563849136
1693595689
552900526
217041231
1401485532
592260581
804683962
1359588203
857392840
1906819937
1073475206
43356999
477726580
1589392541
1016622354
739122403
157394656
816610713
1158432862
2063311935
283791628
1404983893
441486442
1125139803
1114731000
2027374289
1642267958
386128951
1128773028
532184845
1230126786
321914067
454854672
150667017
1451853070
904665903
1529484604
1271628485
1893524506
1638480715
203508008
191268417
150667017
1451853070
904665903
1529484604
1271628485
1893524506
1638480715
203508008
191268417
1859463142
1691238695
248893396
139740541
884726898
592693443
1537873216
157596793
803687870
1042296351
1287341420
1483450165
986089418
1411616059
1590512728
1320976817
900552342
959693335
351720964
761694189
1616922146
1051224243
1796034160
1026602473
1080074862
1773591823
47243676
1918224293
536377210
864959275
2010676104
268450081
1913033030
791895815
104712244
126240349
646609874
823977123
1879651232
258337625
1005617950
1418668031
1298000332
771810325
421376810
2058896667
862312120
874032273
2084296694
529274871
1576904292
1661632717
172326274
543177875
1210107088
986406089
1263661006
1346899695
1595235836
732167301
530660058
1982901003
1012424168
665639937
2036869798
280816871
306802836
1342846781
1734101810
2078371971
932643328
971508281
1006626942
1413517791
2104114732
120983797
1571688074
877030651
1012076824
1327744881
191269206
654630359
1140074180
308046253
576316642
1825538163
426699568
922940329
808807726
1838657743
814713436
1215177061
1580150330
1963494123
196669512
1990487777
13759494
342026951
1854982388
295180317
1485392530
1176071267
258703456
2082674969
1324187102
791440319
1937261196
1388522965
1020238314
440796379
1638726520
1108726353
84241078
144053175
410146596
1226064525
267746370
1953379411
839893392
1661958793
1944263310
563987119
1675060924
1433155141
1442468250
395172555
68301480
488567233
1344007526
555571367
44814676
937945341
1734965746
1849481283
1084141248
1162811385
1603355454
860534175
1914697452
996162229
1994020170
1647250619
2005636568
723963185
1458600982
1496824215
1494235012
1357515629
1181762466
599021619
1360742384
1814622569
1731393518
676480143
293925660
458636069
224044282
1631099563
796665096
928277665
2065569478
2044999303
1647479220
1790028253
223664466
1858319395
4754720
10749657
616773790
177434495
1744395084
667236245
1478901930
1568244891
1040638008
613333009
989838710
165793655
795199460
798344269
1159871234
52030483
564756048
2072467529
654116174
430782063
2117087100
518270981
380119130
1904265867
68077416
1568458625
1638952998
1034912871
1287451156
229464765
1336109234
1579548675
1870732160
358213049
559635966
989763935
1872523180
984228981
957045770
2040360059
1630984856
1149604593
923479766
1737250135
1896548420
651128109
392389218
924250099
986866864
912437033
471417518
1772525647
443620316
550376677
272292794
64907883
1675762120
600840801
799734150
1735868999
769854068
1083374493
1068312594
1859894243
459299296
1722332313
607236958
646198079
1335964684
1388773717
2111940458
1074971739
2033419512
490954193
485150774
456084279
530053284
877594125
1418443202
2319315
531495696
1039332873
2069868558
1748396591
48216124
