-103392872
32642
-105590833
32642
0
0
-103510728
32642
1
32764
0
0
1
-16387222
-103392872
32642
0
0
0
0
4195392
0
-1853882368
-418178
0
0
-103390040
32642
-817935984
32764
-817936000
32764
1038094023
0
-105629912
32642
-1
0
-110125024
32642
-114054264
32642
-103514112
32642
-817935520
32764
-112782531
32642
0
32642
0
0
1
0
-817901144
32764
0
32
0
0
0
0
-105577571
32642
1
0
-103392872
32642
-105629112
32642
7
0
-105630664
32642
-103395384
32642
-817935520
32764
-105582577
32642
1
32764
0
0
0
32764
-105571305
32642
-817935664
32764
-817935656
32764
-817935640
32764
0
0
-817935544
32764
0
0
0
0
-817935648
32764
-105630160
32642
-817935544
32764
-105631744
32642
-103390040
32642
-105629744
32642
0
0
-105629088
32642
-105630832
32642
0
0
0
0
-114054264
323150444
536838197
45201752
536838197
1374686102
1917947451
45201752
2117397169
1374686102
314626839
1463096068
108822765
379144994
309692851
527588208
1680686825
1101330286
62197263
1828306588
118612133
430775418
767458347
2016553096
1457840673
48268870
1118220295
386221364
579632989
596558034
385107363
1917550752
1192670297
1165236254
637011660
1249197333
2143655978
1979368987
939836344
303981412
1016134093
929366658
1330765203
1779454416
952133065
191153358
322093039
1330765203
1779454416
952133065
191153358
322093039
1156627196
1314952581
915169242
2073390091
17599208
471467265
73441190
568791090
251482499
1594085120
934368057
351403390
867795679
1666636588
1925900789
1546417034
819817979
283934232
1638740081
65420886
1552608983
221733828
1855152813
1000335842
1663410547
1076426800
1915780265
945209902
1236197839
1566402396
57358949
1871762234
971099115
1409785160
114956257
1999169798
1947155399
1369261556
973033757
366645138
45731171
1128451424
910483993
1351488222
200400063
32989068
666404565
6586090
1550943707
360769656
864533329
1032036278
142124215
974656548
1032036278
142124215
974656548
1245428621
715260226
1047057747
349458064
1639285641
1834151822
656503727
1121436604
1391054661
1595045530
1880857547
792420264
1465719489
1125212774
1531324839
1538969172
1650434557
579632989
0
0
0
0
0
0
0
0
0
0
0
0
0
0
0
0
0
0
0
0
0
0
0
0
0
0
0
0
0
0
0
0
0
0
0
0
0
0
0
0
0
0
0
0
0
0
0
0
0
0
0
0
0
0
0
0
0
0
0
0
0
0
0
0
0
0
0
0
0
0
0
0
0
0
0
0
0
0
0
0
0
0
0
0
0
0
0
0
0
0
0
0
0
0
0
0
0
0
0
0
0
0
0
0
0
0
0
0
0
0
0
0
0
0
0
0
0
0
0
0
0
0
0
0
0
0
0
0
0
0
0
0
0
0
0
0
0
0
0
0
0
0
0
0
0
0
0
0
0
0
0
0
0
0
0
0
0
0
0
0
0
0
0
0
0
0
0
0
0
0
0
0
0
0
0
0
0
0
0
0
0
0
0
0
0
0
0
0
0
0
0
0
0
0
0
0
0
0
0
0
0
0
0
0
0
0
0
0
0
0
0
0
0
0
0
0
0
0
0
0
0
0
0
0
0
0
0
0
0
0
0
0
0
0
0
0
0
0
0
0
0
0
0
0
0
0
0
0
0
0
0
0
0
0
0
0
0
0
0
0
0
0
0
0
0
0
0
0
0
0
0
0
0
0
0
0
0
0
0
0
0
0
0
0
0
0
0
0
0
0
0
0
0
0
0
0
0
0
0
0
0
0
0
0
0
0
0
0
0
0
0
0
0
0
0
0
0
0
0
0
0
0
0
0
0
0
0
0
0
0
0
0
0
0
0
0
0
0
0
0
0
0
0
0
0
0
0
0
0
0
0
0
0
0
0
0
0
0
0
0
0
0
0
0
0
0
0
0
0
0
0
0
0
0
0
0
0
0
0
0
0
0
0
0
0
0
0
0
0
0
0
0
0
0
0
0
0
0
0
0
0
0
0
0
0
0
0
0
0
0
0
0
0
0
0
0
0
0
0
0
0
0
0
0
0
0
0
0
0
0
0
0
0
0
0
0
0
0
0
0
0
0
0
0
0
0
0
0
0
0
0
0
0
0
0
0
0
0
0
0
0
0
0
0
0
0
0
0
0
0
0
0
0
0
0
0
0
0
0
0
0
0
0
0
0
0
0
0
0
0
0
0
0
0
0
0
0
0
0
0
0
0
0
0
0
0
0
0
0
0
0
0
0
0
0
0
0
0
0
0
0
0
0
0
0
0
0
0
0
0
0
0
0
0
0
0
0
0
0
0
0
0
0
0
0
0
0
0
0
0
0
0
0
0
0
0
0
0
0
0
0
0
0
-105593420
32642
0
0
-114066048
32642
3
0
5
0
2090089586
0
-105591573
32642
0
0
-817932768
32764
-114068400
32642
-114026352
32642
-817932496
32764
-817932512
32764
50
0
-105591573
32642
0
0
-103512552
32642
-103514112
32642
4195430
0
-114012264
32642
4195224
0
0
1
1654
1
0
0
-817932312
32764
-817932352
32764
1
0
-103512552
32642
-103390040
32642
-103390896
32642
-105590833
32642
0
0
-103512552
32642
1
32642
0
0
1
32642
-103390896
32642
0
1
255
1
0
0
-817932184
32764
0
0
-103390040
32642
-817932496
32764
-817932512
32764
2090089586
0
4195430
0
-1
0
-105593420
32642
-114026352
32642
-103514112
32642
3
0
5
0
-163754450
0
-105591573
32642
-1
0
-817932384
32764
-114066560
32642
-114015312
32642
-817932112
32764
-817932128
32764
46
0
6295632
0
4196016
0
-817930928
32764
0
0
0
0
-817931152
32764
-105571042
32642
1
1
0
0
-103393016
32642
-114026352
32642
-817931360
32764
-105539286
32642
-817924865
32764
4196976
0
-817930888
32764
-817930920
32764
-817924865
32764
-110117248
32642
0
0
0
0
1
0
-103390896
32642
1
32642
8064
65535
-107887528
32642
-110086424
32642
0
0
-103390040
32642
-817932112
32764
-817932128
32764
