62922527
323150444
536838197
383249610
1917947451
45201752
2117397169
1374686102
314626839
1463096068
108822765
379144994
309692851
309692851
527588208
1680686825
62197263
62197263
1828306588
118612133
430775418
767458347
2016553096
1457840673
48268870
1118220295
386221364
579632989
596558034
385107363
1917550752
1192670297
1165236254
922458367
637011660
1249197333
2143655978
1979368987
939836344
1710855569
1979518198
1391831287
303981412
1016134093
929366658
1330765203
1779454416
952133065
191153358
322093039
1156627196
1314952581
915169242
2073390091
17599208
471467265
73441190
1848425959
311651732
681635901
568791090
251482499
1594085120
934368057
351403390
867795679
1666636588
1925900789
1546417034
819817979
283934232
1638740081
65420886
1552608983
221733828
1855152813
1000335842
1663410547
1076426800
1915780265
945209902
1236197839
1566402396
57358949
1871762234
971099115
1409785160
114956257
1999169798
1947155399
1369261556
973033757
366645138
45731171
1128451424
910483993
1351488222
200400063
32989068
666404565
6586090
1550943707
360769656
864533329
1032036278
142124215
974656548
1245428621
715260226
1047057747
349458064
1639285641
1834151822
656503727
1121436604
1391054661
1595045530
1880857547
792420264
1465719489
1125212774
1531324839
1538969172
1650434557
213991154
1889646915
136346560
1376346361
52451390
765240991
1685165036
871764917
1288026698
1311706555
970588888
432092721
816656662
196528791
911766660
960627821
398674082
1838381363
1193956592
1418164841
456215790
125990287
771215388
630477861
728320506
1102764971
1019204104
1239092641
468847558
113870727
1686374068
1769595613
536026706
1932334371
45406752
372690905
58772894
1655824511
425556044
507220117
765994410
2005796251
1578093880
1318166801
926610038
2000511095
1267762404
1633566029
576438274
421367059
574819152
333341001
2127157838
583657327
55938172
539150597
116215130
1849133963
313324648
378269825
27452710
898717031
1267789588
1392907197
1959275954
1087627523
1947723904
168111801
1955033854
1361676895
1532169388
692125045
459522314
1711697275
1312442264
137427953
1996809174
939812439
1868055876
608724525
1975740258
92213491
1563849136
1693595689
552900526
217041231
1401485532
592260581
804683962
1359588203
857392840
1906819937
1073475206
43356999
477726580
1589392541
1016622354
739122403
157394656
816610713
1158432862
2063311935
283791628
1404983893
441486442
1125139803
1114731000
2027374289
1642267958
386128951
1128773028
532184845
1230126786
321914067
454854672
150667017
1451853070
904665903
1529484604
1271628485
1893524506
1638480715
203508008
191268417
1859463142
1691238695
0
0
0
0
0
0
0
0
0
0
0
0
0
0
0
0
0
0
0
0
0
0
0
0
0
0
0
0
0
0
0
0
0
0
0
0
0
0
0
0
0
0
0
0
0
0
0
0
0
0
0
0
0
0
0
0
0
0
0
0
0
0
0
0
0
0
0
0
0
0
0
0
0
0
0
0
0
0
0
0
0
0
0
0
0
0
0
0
0
0
0
0
0
0
0
0
0
0
0
0
0
0
0
0
0
0
0
0
0
0
0
0
0
0
0
0
0
0
0
0
0
0
0
0
0
0
0
0
0
0
0
0
0
0
0
0
0
0
0
0
0
0
0
0
0
0
0
0
0
0
0
0
0
0
0
0
0
0
0
0
0
0
0
0
0
0
0
0
0
0
0
0
0
0
0
0
0
0
0
0
0
0
0
0
0
0
0
0
0
0
0
0
0
0
0
0
0
0
0
0
0
0
0
0
0
0
0
0
0
0
0
0
0
0
0
0
0
0
0
0
0
0
0
0
0
0
0
0
0
0
0
0
242774504
32765
242775248
32765
-2032390144
32515
242775472
32765
2
0
-2038992896
32515
-2034480726
32515
0
0
0
0
0
0
0
0
0
0
242774600
32765
242775296
32765
0
0
1843200
0
1842600
0
1842600
0
0
0
5
0
3940352
0
3964928
0
3963040
0
3981792
0
-2034439804
32515
3
32765
-2042865310
32515
-2032390144
32515
-2034473886
32515
91472
0
-2034439804
32515
5
0
-2038955716
32515
-2032276696
1
-2034473886
32515
2208904
0
90112
0
3
0
0
0
0
1
147532
0
147532
0
0
0
5
0
2244608
0
0
0
1170
0
4096
0
-2032266928
32515
0
0
4195408
0
0
0
-2034408156
32515
0
0
-2032390144
32515
47
0
-2034461800
32515
-2032275488
32515
21
0
4
1
10
0
4
20
-2032266928
32515
242775248
32765
-2034462663
32515
0
0
2147479968
3
242775248
32765
-2034439804
32515
242775296
32765
-2036737779
32515
-2032277928
32515
-2034473886
32515
242775296
32765
-2034481116
32515
242775344
32765
-2034462663
32515
-2038976032
1
242774896
32765
0
0
-2032275488
32515
242775400
32765
4195408
0
0
3
-2032266976
32515
-2038994784
32515
3981792
0
6
0
242774456
32765
64769
0
134423750
0
1
0
33261
0
0
0
0
0
2151672
0
4096
0
4208
0
1556208601
0
633928172
0
1530160934
0
0
0
1544717022
0
906254591
0
0
0
0
0
0
0
0
0
4195408
0
0
0
0
0
0
0
-2032271360
32515
-2032266928
32515
-2034473610
32515
1
0
0
0
242775392
32765
0
0
-2032266928
1
0
0
10
0
242775297
32765
0
32765
-2032275488
32515
0
1
0
0
0
0
242775297
32765
0
32765
-2032275488
32515
242781632
32765
832
0
1179403647
50397442
0
0
4063235
1
140512
0
64
0
2146808
0
0
3670080
4194314
4915276
6
5
64
0
64
0
64
0
560
0
560
0
8
0
3
4
1628816
0
1628816
0
1628816
0
242776952
32765
242777040
32765
0
0
242775984
32765
0
0
-2042865310
32515
-2034455662
32515
-2032267384
32515
-2034444524
32515
-2032267384
32515
242776944
32765
242776936
32765
242776928
32765
-2034455712
32515
242776952
32765
-2032267384
32515
0
0
242776936
32765
0
0
-2034455712
32515
-2039002240
32515
-140509184
-385808
0
0
242775984
32765
0
0
-2042865310
32515
-325058560
-385808
-1376780288
-33092231
1
0
242775984
32765
0
0
-2038955716
32515
-318767104
-385808
-1376780288
-33092231
3942176
0
16
0
160
0
16
0
1685382480
4
1628844
0
-2034478844
32515
1628844
0
-2039002240
32515
242777040
32765
-2034452421
32515
65536
65537
-2034499583
32515
1
32765
-2032268904
32515
0
0
1
0
-2036781728
32515
-2034453603
32515
-2032268904
32515
0
0
0
0
242776928
32765
-2034455712
32515
242776952
32765
4
20
0
0
-2009594486
-1518739322
-2034469452
32515
-753557368
4
242905440
32765
0
0
1
0
-1340356096
0
-2034467448
32515
-2036737779
32515
242776176
32765
46165800
0
242905512
32765
242776448
32765
0
1076758578
742151304
1211239968
-1933540314
33556484
0
0
-2034469452
32515
-2032265504
32515
-2042942080
32515
3
0
5
0
1038094023
0
-2034467605
32515
-1258291199
-2147471336
242776304
32765
-2042949084
32515
-2042930296
32515
242776576
32765
242776560
32765
7
32515
-2034466865
32515
0
0
-2032386760
32515
-2032390144
32515
-2034505944
32515
-2042888296
32515
-2034506696
32515
0
1
491
1
-2032267384
32515
242776912
32765
242776720
32765
1
0
-2032386760
32515
-2032266072
32515
-2032268904
32515
-2034466865
32515
0
0
-2032386760
32515
1
32765
0
0
1
-33092231
-2032268904
32515
0
0
0
0
4195392
0
-228589568
-385808
0
0
-2032266072
32515
242776576
32765
242776560
32765
1038094023
0
-2034505944
32515
-1
0
-2039001056
32515
-2042930296
32515
-2032390144
32515
242777040
32765
-2041658563
32515
0
32515
0
0
1
0
242905512
32765
0
32
0
0
0
0
-2034453603
32515
1
0
-2032268904
32515
-2034505144
32515
7
0
-2034506696
32515
-2032271416
32515
242777040
32765
-2034458609
32515
1
32765
0
0
0
32765
-2034447337
32515
242776896
32765
242776904
32765
242776920
32765
0
0
242777016
32765
0
0
0
0
242776912
32765
-2034506192
32515
242777016
32765
-2034507776
32515
-2032266072
32515
-2034505776
32515
0
0
-2034505120
32515
-2034506864
32515
0
0
0
0
-2042930296
32515
-2042942080
32515
-2034505552
32515
432
0
10
0
0
0
0
0
0
0
0
0
0
0
-2032402432
32515
758538283
2708312
-2032266928
32515
758378890
2708312
0
0
-2034413304
32515
242781408
32765
-2034491809
32515
0
0
0
0
0
0
0
0
-2032265480
32515
0
0
0
0
0
0
1
0
-2032267008
32515
-2032400448
32515
0
0
242777089
32765
242777088
32765
0
0
0
0
0
0
0
0
0
0
0
0
0
0
242781672
32765
0
0
0
0
1
0
0
0
0
0
0
0
0
0
0
0
0
0
0
0
0
0
0
0
0
0
0
0
0
0
0
0
0
0
0
0
0
0
0
0
0
0
0
0
0
0
0
0
0
0
0
0
0
0
0
0
0
0
0
0
0
0
0
0
0
0
0
0
0
0
0
0
0
0
0
0
0
0
0
0
0
0
0
0
0
0
0
0
0
0
0
0
0
0
0
0
0
0
0
0
0
0
0
0
0
0
0
0
0
0
0
0
0
0
0
0
0
0
0
0
0
0
0
0
0
0
0
0
0
0
0
0
0
0
0
0
0
0
0
0
0
0
0
0
0
0
0
0
0
0
0
0
0
0
0
0
0
0
0
0
0
0
0
0
0
0
0
0
0
0
0
0
0
0
0
0
0
0
0
0
0
0
0
0
0
0
0
0
0
0
0
0
0
0
0
0
0
0
0
0
0
0
0
0
0
0
0
0
0
0
0
0
0
0
0
0
0
0
0
0
0
0
0
0
0
0
0
0
0
0
0
0
0
0
0
0
0
0
0
0
0
0
0
0
0
0
0
0
0
0
0
0
0
0
0
0
0
0
0
0
0
0
0
0
0
0
0
0
0
0
0
0
0
0
0
0
0
0
0
0
0
0
0
0
0
0
0
0
0
0
0
0
0
0
0
0
0
0
0
0
0
0
0
0
0
0
0
0
0
0
0
0
0
0
0
0
0
0
0
0
0
0
0
0
0
0
0
0
0
0
0
0
0
0
0
0
0
0
0
0
0
0
0
0
0
0
0
0
0
0
0
0
0
0
0
0
0
0
0
0
0
0
0
0
0
0
0
0
0
0
0
0
0
0
0
0
0
0
0
0
0
0
0
0
0
0
0
0
0
0
0
0
0
0
0
0
0
0
0
0
0
0
0
0
0
0
0
0
0
0
0
0
0
0
0
0
0
0
0
0
0
0
0
0
0
0
0
0
0
0
0
0
0
0
0
0
0
0
0
0
0
0
0
0
0
0
0
0
0
0
0
0
0
0
0
0
0
0
0
0
0
0
0
0
0
0
0
0
0
0
0
0
0
0
0
0
0
0
0
0
0
0
0
0
0
0
0
0
0
0
0
0
0
0
0
0
0
0
0
0
0
0
0
0
0
0
0
0
0
0
0
0
0
0
0
0
0
0
0
0
0
0
0
0
0
0
0
0
0
0
0
0
0
0
0
0
0
0
0
0
0
0
0
0
0
0
0
0
0
0
0
0
0
0
0
0
0
0
0
0
0
0
0
0
0
0
0
0
0
0
0
0
0
0
0
0
0
0
0
0
0
0
0
0
0
0
0
0
0
0
0
0
0
0
0
0
0
0
0
0
0
0
0
0
0
0
0
0
0
0
0
0
0
0
-2034469452
32515
0
0
-2042942080
32515
3
0
5
0
2090089586
0
-2034467605
32515
0
0
242779808
32765
-2042944432
32515
-2042902384
32515
242780080
32765
242780064
32765
50
0
-2034467605
32515
0
0
-2032388584
32515
-2032390144
32515
4195430
0
-2042888296
32515
4195224
0
0
1
1654
1
0
0
242780264
32765
242780224
32765
1
0
-2032388584
32515
-2032266072
32515
-2032266928
32515
-2034466865
32515
0
0
-2032388584
32515
1
32515
0
0
1
32515
-2032266928
32515
0
1
255
1
0
0
242780392
32765
0
0
-2032266072
32515
242780080
32765
242780064
32765
2090089586
0
4195430
0
-1
0
-2034469452
32515
-2042902384
32515
-2032390144
32515
3
0
5
0
-163754450
0
-2034467605
32515
-1
0
242780192
32765
-2042942592
32515
-2042891344
32515
242780464
32765
242780448
32765
46
0
6295632
0
4196016
0
242781632
32765
0
0
0
0
242781408
32765
-2034447074
32515
1
1
0
0
242781672
32765
-2042902384
32515
242781200
32765
-2034415318
32515
242787583
32765
4196976
0
242781672
32765
242781640
32765
242787583
32765
-2038993280
32515
0
0
0
0
1
0
-2032266928
32515
1
0
8064
65535
31654032
0
-2038962456
32515
0
0
-2032266072
32515
