-494724712
32626
-496922673
32626
0
0
-494842568
32626
1
32764
0
0
1
-18496317
-494724712
32626
0
0
0
0
4195392
0
-622854144
-415749
0
0
-494721880
32626
-738333120
32764
-738333136
32764
1038094023
0
-496961752
32626
-1
0
-501456864
32626
-505386104
32626
-494845952
32626
-738332656
32764
-504114371
32626
0
32626
0
0
1
0
-738233944
32764
0
32
0
0
0
0
-496909411
32626
1
0
-494724712
32626
-496960952
32626
7
0
-496962504
32626
-494727224
32626
-738332656
32764
-496914417
32626
1
32764
0
0
0
32764
-496903145
32626
-738332800
32764
-738332792
32764
-738332776
32764
0
0
-738332680
32764
0
0
0
0
-738332784
32764
-496962000
32626
-738332680
32764
-496963584
32626
-494721880
32626
-496961584
32626
0
0
-496960928
32626
-496962672
32626
0
0
0
0
-505386104
32626
-505397888
32626
-496961360
32626
432
0
10
0
0
0
0
0
0
0
0
0
0
0
-494858240
32626
-1930019663
2708305
-494722736
32626
-1930177235
2708305
0
0
-496869112
32626
-738328288
32764
-496947617
32626
0
0
0
0
0
0
0
0
-494721288
32626
0
0
0
0
0
0
1
0
-494722816
32626
-494856256
32626
0
0
-738332671
32764
-738332672
32764
0
0
0
0
0
0
0
0
0
0
0
0
0
0
-738328024
32764
0
0
0
0
1
0
0
0
0
0
0
0
0
0
0
0
0
0
0
0
0
0
0
0
0
0
0
0
0
0
0
0
0
0
0
0
0
0
0
0
0
0
0
0
0
0
62922527
536838197
383249610
1917947451
536838197
383249610
1917947451
45201752
2117397169
1374686102
314626839
1463096068
108822765
379144994
309692851
527588208
1680686825
1101330286
62197263
1828306588
118612133
430775418
767458347
2016553096
1457840673
48268870
1118220295
386221364
579632989
596558034
385107363
1917550752
1192670297
1165236254
2143655978
1979368987
939836344
1710855569
1979518198
1391831287
303981412
1016134093
1391831287
303981412
1016134093
929366658
1330765203
1779454416
1156627196
191153358
322093039
1156627196
17599208
915169242
2073390091
17599208
471467265
73441190
1848425959
311651732
681635901
568791090
251482499
1594085120
934368057
351403390
867795679
1666636588
283934232
1638740081
819817979
283934232
1638740081
65420886
1552608983
221733828
1855152813
1000335842
1663410547
1076426800
1915780265
945209902
1236197839
1566402396
57358949
1871762234
971099115
1409785160
114956257
1999169798
1947155399
1369261556
973033757
366645138
45731171
1128451424
910483993
1351488222
200400063
32989068
666404565
6586090
1550943707
360769656
864533329
1032036278
142124215
974656548
1245428621
715260226
1047057747
349458064
1639285641
1834151822
656503727
1121436604
1391054661
1595045530
1880857547
792420264
1465719489
1125212774
1531324839
1538969172
1650434557
213991154
1889646915
136346560
1376346361
52451390
765240991
1685165036
871764917
1288026698
1311706555
970588888
432092721
816656662
196528791
911766660
960627821
398674082
1838381363
1193956592
1418164841
456215790
125990287
771215388
630477861
728320506
1102764971
1019204104
1239092641
468847558
113870727
1686374068
1769595613
536026706
1932334371
45406752
372690905
58772894
1655824511
425556044
507220117
765994410
2005796251
1578093880
1318166801
926610038
2000511095
1267762404
1633566029
576438274
421367059
574819152
333341001
2127157838
583657327
55938172
539150597
116215130
1849133963
313324648
378269825
27452710
898717031
1267789588
1392907197
1959275954
1087627523
1947723904
168111801
1955033854
1361676895
1532169388
692125045
459522314
1711697275
1312442264
137427953
1996809174
939812439
1868055876
608724525
1975740258
92213491
1563849136
1693595689
552900526
217041231
1401485532
592260581
804683962
1359588203
857392840
1906819937
1073475206
43356999
477726580
1589392541
1016622354
739122403
157394656
816610713
1158432862
2063311935
283791628
1404983893
441486442
1125139803
1114731000
2027374289
1642267958
386128951
1128773028
532184845
1230126786
321914067
454854672
150667017
1271628485
1893524506
1638480715
203508008
191268417
1859463142
1691238695
248893396
139740541
0
0
0
0
0
0
0
0
0
0
0
0
0
0
0
0
0
0
0
0
0
0
0
0
0
0
0
0
0
0
0
0
0
0
0
0
0
0
0
0
0
0
0
0
0
0
0
0
0
0
0
0
0
0
0
0
0
0
0
0
0
0
0
0
0
0
0
0
0
0
0
0
0
0
0
0
0
0
0
0
0
0
0
0
0
0
0
0
0
0
0
0
0
0
0
0
0
0
0
0
0
0
0
0
0
0
0
0
0
0
0
0
0
0
0
0
0
0
0
0
0
0
0
0
0
0
0
0
0
0
0
0
0
0
0
0
0
0
0
0
0
0
0
0
0
0
0
0
0
0
0
0
0
0
0
0
0
0
0
0
0
0
0
0
0
0
0
0
0
0
0
0
0
0
0
0
0
0
0
0
0
0
0
0
0
0
0
0
0
0
0
0
0
0
0
0
0
0
0
0
0
0
0
0
0
0
0
0
0
0
0
0
0
0
0
0
0
0
0
0
0
0
0
0
0
0
0
0
0
0
0
0
0
0
0
0
0
0
0
0
0
0
0
0
0
0
0
0
0
0
0
0
0
0
0
0
0
0
0
0
0
0
0
0
0
0
0
0
0
0
0
0
0
0
0
0
0
0
0
0
0
0
0
0
0
0
0
0
0
0
0
0
0
0
0
0
0
0
0
0
0
0
0
0
0
0
0
0
0
0
0
0
0
0
0
0
0
0
-496925260
32626
0
0
-505397888
32626
3
0
5
0
2090089586
0
-496923413
32626
0
0
-738329888
32764
-505400240
32626
-505358192
32626
-738329616
32764
-738329632
32764
50
0
-496923413
32626
0
0
-494844392
32626
-494845952
32626
4195430
0
-505344104
32626
4195224
0
0
1
1654
1
0
0
-738329432
32764
-738329472
32764
1
0
-494844392
32626
-494721880
32626
-494722736
32626
-496922673
32626
0
0
-494844392
32626
1
32626
0
0
1
32626
-494722736
32626
0
1
255
1
0
0
-738329304
32764
0
0
-494721880
32626
-738329616
32764
-738329632
32764
2090089586
0
4195430
0
-1
0
-496925260
32626
-505358192
32626
-494845952
32626
3
0
5
0
-163754450
0
-496923413
32626
-1
0
-738329504
32764
-505398400
32626
-505347152
32626
-738329232
32764
-738329248
32764
46
0
6295632
0
4196016
0
-738328064
32764
0
0
0
0
-738328288
32764
-496902882
32626
1
1
0
0
-738328024
32764
-505358192
32626
-738328496
32764
-496871126
32626
-738327297
32764
4196976
0
-738328024
32764
-738328056
32764
-738327297
32764
-501449088
32626
0
0
0
0
1
0
-494722736
32626
1
0
8064
65535
25960592
0
-501418264
32626
0
0
-494721880
32626
