0
0
0
0
0
0
0
0
0
0
0
0
0
0
0
0
0
0
0
0
0
0
0
0
0
0
0
0
0
0
0
0
0
0
0
0
0
0
0
0
0
0
0
0
0
0
0
0
0
0
0
0
0
0
0
0
0
0
0
0
0
0
0
0
0
0
0
0
0
0
0
0
0
0
0
0
0
0
0
0
0
0
0
0
0
0
0
0
0
0
0
0
0
0
0
0
0
0
0
0
0
0
0
0
0
0
0
0
0
0
0
0
0
0
0
0
0
0
0
0
0
0
0
0
0
0
0
0
0
0
0
0
0
0
0
0
0
0
0
0
0
0
0
0
0
0
0
0
0
0
0
0
0
0
0
0
0
0
0
0
0
0
0
0
0
0
0
0
0
0
0
0
0
0
0
0
0
0
0
0
0
0
0
0
0
0
0
0
0
0
0
0
0
0
0
0
0
0
0
0
0
0
0
0
0
0
0
0
0
0
0
0
0
0
0
0
0
0
0
0
0
0
0
0
0
0
0
0
0
0
0
0
0
0
0
0
0
0
0
0
0
0
0
0
0
0
0
0
0
0
0
0
0
0
0
0
0
0
0
0
0
0
0
0
0
0
0
0
0
0
0
0
0
0
0
0
0
0
0
0
0
0
0
0
0
0
0
0
0
0
0
0
0
0
0
0
0
0
0
0
0
0
0
0
0
0
0
0
0
0
0
0
0
0
0
0
0
0
0
0
0
0
0
0
0
0
0
0
0
0
0
0
0
0
0
0
0
0
0
0
0
0
0
0
0
0
0
0
0
0
0
0
0
0
0
0
0
0
0
0
0
0
0
0
0
0
0
0
0
0
0
0
0
0
0
0
0
0
0
0
0
0
0
0
0
0
0
0
0
0
0
0
0
0
0
0
0
0
0
0
0
0
0
0
0
0
0
0
0
0
0
0
0
0
0
0
0
0
0
0
0
0
0
0
0
0
0
0
0
0
0
0
0
0
0
0
0
0
0
0
0
0
0
0
0
0
0
0
0
0
0
0
0
0
0
0
0
0
0
0
0
0
0
0
0
0
0
0
0
0
0
0
0
0
0
0
0
0
0
0
0
0
-54217016
32766
-54216272
32766
524627968
32726
-54216048
32766
2
0
518025216
32726
522537386
32726
0
0
0
0
0
0
0
0
0
0
-54216920
32766
-54216224
32766
0
0
1843200
0
1842600
0
1842600
0
0
0
5
0
3940352
0
3964928
0
3963040
0
3981792
0
522578308
32726
3
32766
514152802
32726
524627968
32726
522544226
32726
91472
0
522578308
32726
5
0
518062396
32726
524741416
1
522544226
32726
2208904
0
90112
0
3
0
0
0
0
1
147532
0
147532
0
0
0
5
0
2244608
0
0
0
1170
0
4096
0
524751184
32726
0
0
4195408
0
0
0
522609956
32726
0
0
524627968
32726
47
0
522556312
32726
524742624
32726
21
0
4
1
10
0
4
20
524751184
32726
-54216272
32766
522555449
32726
0
0
2147479968
3
-54216272
32766
522578308
32726
-54216224
32766
520280333
32726
524740184
32726
522544226
32726
-54216224
32766
522536996
32726
-54216176
32766
522555449
32726
518042080
1
-54216624
32766
0
0
524742624
32726
-54216120
32766
4195408
0
0
3
524751136
32726
518023328
32726
3981792
0
6
0
-54217064
32766
64769
0
134423750
0
1
0
33261
0
0
0
0
0
2151672
0
4096
0
4208
0
1556208601
0
633928172
0
1530160934
0
0
0
1544717022
0
906254591
0
0
0
0
0
0
0
0
0
4195408
0
0
0
0
0
0
0
524746752
32726
524751184
32726
522544502
32726
1
0
0
0
-54216128
32766
0
0
524751184
1
0
0
10
0
-54216191
32766
0
32766
524742624
32726
0
1
0
0
0
0
-54216191
32766
0
32766
524742624
32726
-54209888
32766
832
0
1179403647
50397442
0
0
4063235
1
140512
0
64
0
2146808
0
0
3670080
4194314
4915276
6
5
64
0
64
0
64
0
560
0
560
0
8
0
3
4
1628816
0
1628816
0
1628816
0
-54214568
32766
-54214480
32766
0
0
-54215536
32766
0
0
514152802
32726
522562450
32726
524750728
32726
522573588
32726
524750728
32726
-54214576
32766
-54214584
32766
-54214592
32766
522562400
32726
-54214568
32766
524750728
32726
0
0
-54214584
32766
0
0
522562400
32726
518015872
32726
-2124414976
-132727
0
0
-54215536
32766
0
0
514152802
32726
1986002944
-132727
-1376780288
-5489077
1
0
-54215536
32766
0
0
518062396
32726
1992294400
-132727
-1376780288
-5489077
3942176
0
16
0
160
0
16
0
1685382480
4
1628844
0
522539268
32726
1628844
0
518015872
32726
-54214480
32766
522565691
32726
65536
65537
522518529
32726
1
32766
524749208
32726
0
0
1
0
520236384
32726
522564509
32726
524749208
32726
0
0
0
0
-54214592
32766
522562400
32726
-54214568
32766
4
20
0
0
-2009594486
-1518739322
522548660
32726
-753557368
4
-53198496
32766
0
0
1
0
-1340356096
0
522550664
32726
520280333
32726
-54215344
32766
46165800
0
-53198424
32766
-54215072
32766
0
1076758578
742151304
1211239968
-1933540314
33556484
0
0
522548660
32726
524752608
32726
514076032
32726
3
0
5
0
1038094023
0
522550507
32726
-1258291199
-2147471336
-54215216
32766
514069028
32726
514087816
32726
-54214944
32766
-54214960
32766
7
32726
522551247
32726
0
0
524631352
32726
524627968
32726
522512168
32726
514129816
32726
522511416
32726
0
1
491
1
524750728
32726
-54214608
32766
-54214800
32766
1
0
524631352
32726
524752040
32726
1165236254
591159998
62922527
323150444
536838197
383249610
1917947451
45201752
2117397169
1374686102
314626839
1463096068
108822765
379144994
309692851
527588208
1680686825
1101330286
62197263
1828306588
118612133
430775418
767458347
2016553096
1457840673
48268870
1118220295
386221364
579632989
596558034
385107363
1917550752
1192670297
1165236254
922458367
637011660
1249197333
2143655978
1979368987
939836344
1710855569
1979518198
1391831287
303981412
1016134093
929366658
1330765203
1779454416
952133065
191153358
322093039
1156627196
1314952581
915169242
2073390091
17599208
471467265
73441190
1848425959
311651732
681635901
568791090
251482499
1594085120
934368057
351403390
867795679
1666636588
1925900789
1546417034
819817979
283934232
1638740081
65420886
1552608983
221733828
1855152813
1000335842
1663410547
1076426800
1915780265
945209902
1236197839
1566402396
57358949
1871762234
971099115
1409785160
114956257
1999169798
1947155399
1369261556
973033757
366645138
45731171
1128451424
910483993
1351488222
200400063
32989068
666404565
6586090
1550943707
360769656
864533329
1032036278
142124215
974656548
1245428621
715260226
1047057747
349458064
1639285641
1834151822
656503727
1121436604
1391054661
1595045530
1880857547
792420264
1465719489
1125212774
1531324839
1538969172
1650434557
213991154
1889646915
136346560
1376346361
52451390
765240991
1685165036
871764917
1288026698
1311706555
970588888
432092721
816656662
196528791
911766660
960627821
398674082
1838381363
1193956592
1418164841
456215790
125990287
771215388
630477861
728320506
1102764971
1019204104
1239092641
468847558
113870727
1686374068
1769595613
536026706
1932334371
45406752
372690905
58772894
1655824511
425556044
507220117
765994410
2005796251
1578093880
1318166801
926610038
2000511095
1267762404
1633566029
576438274
421367059
574819152
333341001
2127157838
583657327
55938172
539150597
116215130
1849133963
313324648
378269825
27452710
898717031
1267789588
1392907197
1959275954
1087627523
1947723904
168111801
1955033854
1361676895
1532169388
692125045
459522314
1711697275
1312442264
137427953
1996809174
939812439
1868055876
608724525
1975740258
92213491
1563849136
1693595689
552900526
217041231
1401485532
592260581
804683962
1359588203
857392840
1906819937
1073475206
43356999
477726580
1589392541
1016622354
739122403
157394656
816610713
1158432862
2063311935
283791628
1404983893
441486442
1125139803
1114731000
2027374289
1642267958
386128951
1128773028
532184845
1230126786
321914067
454854672
150667017
1451853070
904665903
1529484604
1271628485
1893524506
1638480715
203508008
191268417
1859463142
1691238695
248893396
139740541
884726898
592693443
1537873216
157596793
803687870
1042296351
1287341420
1483450165
986089418
1411616059
1590512728
1320976817
900552342
959693335
351720964
761694189
1616922146
1051224243
1796034160
1026602473
1080074862
1773591823
47243676
1918224293
536377210
864959275
2010676104
268450081
1913033030
791895815
104712244
126240349
646609874
823977123
1879651232
258337625
1005617950
1418668031
1298000332
771810325
421376810
2058896667
862312120
874032273
2084296694
529274871
1576904292
1661632717
172326274
543177875
1210107088
986406089
1263661006
1346899695
1595235836
732167301
530660058
1982901003
1012424168
665639937
2036869798
280816871
306802836
1342846781
1734101810
2078371971
932643328
971508281
1006626942
1413517791
2104114732
120983797
1571688074
877030651
1012076824
1327744881
191269206
654630359
1140074180
308046253
576316642
1825538163
426699568
922940329
808807726
1838657743
814713436
1215177061
1580150330
1963494123
196669512
1990487777
13759494
342026951
1854982388
295180317
1485392530
1176071267
258703456
2082674969
1324187102
791440319
1937261196
1388522965
1020238314
440796379
1638726520
1108726353
84241078
144053175
410146596
1226064525
267746370
1953379411
839893392
1661958793
1944263310
563987119
1675060924
1433155141
1442468250
395172555
68301480
488567233
1344007526
555571367
44814676
937945341
1734965746
1849481283
1084141248
1162811385
1603355454
860534175
1914697452
996162229
1994020170
1647250619
2005636568
723963185
1458600982
1496824215
1494235012
1357515629
1181762466
599021619
1360742384
1814622569
1731393518
676480143
293925660
458636069
224044282
1631099563
796665096
928277665
2065569478
2044999303
1647479220
1790028253
223664466
1858319395
4754720
10749657
616773790
177434495
1744395084
667236245
1478901930
1568244891
1040638008
613333009
989838710
165793655
795199460
798344269
1159871234
52030483
564756048
2072467529
654116174
430782063
2117087100
518270981
380119130
1904265867
68077416
1568458625
1638952998
1034912871
1287451156
229464765
1336109234
1579548675
1870732160
358213049
559635966
989763935
1872523180
984228981
957045770
2040360059
1630984856
1149604593
923479766
1737250135
1896548420
651128109
392389218
924250099
986866864
912437033
471417518
1772525647
443620316
550376677
272292794
64907883
1675762120
600840801
799734150
1735868999
769854068
1083374493
1068312594
1859894243
459299296
1722332313
607236958
646198079
1335964684
1388773717
2111940458
1074971739
2033419512
490954193
485150774
456084279
530053284
877594125
1418443202
2319315
531495696
1039332873
2069868558
1748396591
48216124
499902917
610975514
1875475019
487463976
445013313
1558557414
1311993895
490525396
1595575421
2060064626
1868359619
2097039424
1405645689
1209940158
186400031
2057283692
181653045
385950410
1448184891
169140056
1023416497
175546774
700625175
1755617540
298618605
536035618
985089971
1062486384
795880681
1168657774
1096068111
1311900
1318432421
160420474
683276843
1772801672
1305972769
758684742
618401287
1583500084
16518493
710031058
1243710371
2037573280
938549849
1945693726
46053119
254790860
965249813
12701226
2110899227
66251192
770950033
1770431222
1950254839
633923940
889194445
686946434
1598725011
1960654800
605180873
1204493006
2096717295
111542524
669213573
33691098
1042803211
1875914984
1174123265
813413798
2053708775
1626043284
2045738557
60655154
94474115
1641428224
1784332601
1520030590
56860895
1474928940
1906128885
1132177802
336292859
1122346008
1985371761
1878185046
932891863
1553787332
1335980205
719314914
39149427
123788848
823225001
446699566
2132574159
925740380
1517095013
1545177402
1535855083
1100366664
120243681
1116143366
970103239
1081101300
1504501533
1208223122
1146424163
1933587296
1044205593
2061035742
1594030783
1264919948
30004437
1938207978
309756891
251989624
408938833
529741238
214926007
1052285476
1332267405
1830090562
1414501203
704066704
1738895753
587154830
129372591
1581451708
1391107397
1915628698
1213995467
1561658792
295487681
187856998
705726375
1149817940
1810640893
1155380466
1152644931
1456005568
47238905
529411646
1133823135
205150700
1959158197
825946186
243993531
476653784
306734129
1178584854
1758767255
699660932
1577980525
1122582178
565262131
2075671280
1426483305
297837294
851317647
1954420252
974397989
714604538
1746033067
744781832
1636416417
2119573958
1847256455
1624050868
946172125
1401066578
1630950179
562577440
55393753
1603380126
990969471
1761689164
290119317
686840746
968950683
187298616
1581764369
2110818422
480394871
656870116
1632193357
196392450
1391610643
129757520
40652617
1673277518
2016183663
511103612
1956747013
2007958362
975571339
94149224
1864998529
1539963686
82424679
886371604
47227325
1498063794
273948419
1419136640
116038841
498813182
728737887
1548866220
1510951797
318699274
1636854651
1734307224
1922443761
740129238
1429226583
1823066948
2060612653
852450658
1821036275
1159354288
1963927081
1640623534
737765199
751124188
592116709
1472935610
1510943083
718630088
783577441
795214982
1232400711
205032820
1256571549
1200481042
1686461155
1561005280
1356917657
149102174
1453900351
214177548
231450709
868139626
1869693787
690067448
1097561297
50240310
460765751
1540635556
140610829
798045378
250790611
384527888
774302985
549575438
2115811631
469850940
583553221
1430559258
2135275851
1244065576
274871361
1359101414
1924439847
1586484692
1281151869
463753842
205653699
335444800
543697529
467739582
1521765407
1290799980
657978677
1535622602
1759218491
881357400
956280753
4975766
1416470551
37641220
598644205
89275426
1990338227
1279734896
720085993
24901742
2056157967
348333980
198284709
108211578
2101459243
2108236168
7005985
1685497670
329301255
1332923956
2129515613
1592127954
1375871651
1049139616
817387865
495802654
831145471
460173260
1561080341
1722935594
1866941211
1504443576
1133173393
1843228150
1091368439
427830372
577867469
1131049858
2081487507
541436624
1687505609
818955726
155626735
1805820924
857655941
229568730
1132144907
1265894376
1728481793
1503346854
456215271
779712148
374392125
648724786
473804419
230778880
956921913
549437054
824356831
584385580
570449653
1033192586
1076652795
1420048152
1195701617
1636507478
2118958039
120696004
375551917
87153378
330776179
973001008
1348198825
664191790
1849511631
557305948
694677349
424666170
1567230187
631215688
678239457
1816660486
1415465159
2000408308
37594653
340443282
1835838051
515958368
1821607705
72373214
192252351
968755340
617380821
1418317802
889389787
1300832632
644218961
1026359478
86307255
1558895908
1295601805
1912631874
1309471315
747284368
1601661065
715616398
1231708335
1645915324
996475973
1672349594
1921407179
1782831272
618045377
609551206
1713354407
1364318036
1852602109
1428025330
1678186051
2057245888
2056160761
1930893630
1316672415
1656798444
1344833717
736594762
1128467131
1483914200
1059453745
781914646
713922455
1480834436
1353587053
1026439586
1468667443
1996566000
2132795241
1255820782
382067343
115554588
1909328165
857823994
1179130027
1668860680
947589793
1436167366
1399690375
273911732
1117075421
578572114
981791267
376697632
238187737
1676414622
1680510335
1282744652
1254917525
1342600874
2086961819
1970865720
1807541777
799888246
528395639
1658080740
1719194189
638791938
2024188435
75129936
411911753
1694980942
776459375
338261372
291175941
1510071898
942098571
1196846440
999454081
535791142
2067784295
869857300
577759421
1102962354
1197358595
1398243712
1320637369
430388222
310163295
1366504876
2003858037
1497272842
232745595
280232088
40026353
104580310
1894789975
305434180
273775405
2013747298
366652915
739134128
284663081
570857646
1139291727
981819868
449045221
916951482
1134291051
938786760
39110753
1865224070
412000327
1736052852
1840548253
70950418
2097871331
2120335328
1599414937
589334878
2070499647
2018703884
1959546709
1810357610
1093386843
37464824
