1015024024
32750
1012826063
32750
0
0
1014906168
32750
1
32766
0
0
1
-2328387
1015024024
32750
0
0
0
0
4195392
0
-505413632
-217656
0
0
1015026856
32750
1457811904
32766
1457811888
32766
1038094023
0
1012786984
32750
-1
0
1008291872
32750
1004362632
32750
1014902784
32750
1457812368
32766
1005634365
32750
0
32750
0
0
1
0
1459134888
32766
0
32
0
0
0
0
1012839325
32750
1
0
1015024024
32750
1012787784
32750
7
0
1012786232
32750
1015021512
32750
1457812368
32766
1012834319
32750
1
32766
0
0
0
32766
1012845591
32750
1457812224
32766
1457812232
32766
1457812248
32766
0
0
1457812344
32766
0
0
0
0
1457812240
32766
1012786736
32750
1457812344
32766
1012785152
32750
1015026856
32750
1012787152
32750
0
0
1012787808
32750
1012786064
32750
0
0
0
0
1004362632
32750
1004350848
32750
1012787376
32750
432
0
10
0
0
0
0
0
0
0
0
0
0
0
1014890496
32750
-10078323
2708306
1015026000
32750
-10237077
2708306
0
0
1012879624
32750
1457816736
32766
1012801119
32750
0
0
0
0
0
0
0
0
1015027448
32750
0
0
0
0
0
0
1
0
1015025920
32750
1014892480
32750
0
0
1457812481
32766
1457812480
32766
0
0
0
0
0
0
0
0
0
0
0
0
0
0
1457817000
32766
0
0
0
0
1
0
0
0
0
0
0
0
0
0
0
0
0
0
0
0
0
0
0
0
0
0
0
0
0
0
0
0
0
0
0
0
0
0
0
0
0
0
0
0
0
0
0
0
0
0
0
0
0
0
0
0
0
0
0
0
0
0
0
0
0
0
0
0
0
0
0
0
0
0
0
0
0
0
0
0
0
0
0
0
0
0
0
0
0
0
0
0
0
0
0
0
0
0
0
0
0
0
0
0
0
0
0
0
0
0
0
0
0
0
0
0
0
0
0
0
0
0
0
0
0
0
0
0
0
0
0
0
0
0
0
0
0
0
0
0
0
0
0
0
0
0
0
0
0
0
0
0
0
0
0
0
0
0
0
0
0
0
0
0
0
0
0
0
0
0
0
0
0
0
0
0
0
0
0
0
0
0
0
0
0
0
0
0
0
0
0
0
0
0
0
0
0
0
0
0
0
0
0
0
0
0
0
0
0
0
0
0
0
0
0
0
0
0
0
0
0
0
0
0
0
0
0
0
0
0
0
0
0
0
0
0
0
0
0
0
0
0
0
0
0
0
0
0
0
0
0
0
0
0
0
0
0
0
0
0
0
0
0
0
0
0
0
0
0
0
0
0
0
0
0
0
0
0
0
0
0
0
0
0
0
0
0
0
0
0
0
0
0
0
0
0
0
0
0
0
0
0
0
0
0
0
0
0
0
0
0
0
0
0
0
0
0
0
0
0
0
0
0
0
0
0
0
0
0
0
0
0
0
0
0
0
0
0
0
0
0
0
0
0
0
0
0
0
0
0
0
0
0
0
0
0
0
0
0
0
0
0
0
0
0
0
0
0
0
0
0
0
0
0
0
0
0
0
0
0
0
0
0
0
0
0
0
0
0
0
0
0
0
0
0
0
0
0
0
0
0
0
0
0
0
0
0
0
0
0
0
0
0
0
0
0
0
0
0
0
0
0
0
0
0
0
0
0
0
0
0
0
0
0
0
0
0
0
0
0
0
0
0
0
0
0
0
0
0
0
0
0
0
0
0
0
0
0
0
0
0
0
0
0
0
0
0
0
0
0
0
0
0
0
0
0
0
0
0
0
0
0
0
0
0
0
0
0
0
0
0
0
0
0
0
0
0
0
0
0
0
0
0
0
0
0
0
0
0
0
0
0
0
0
0
0
0
0
0
0
0
0
0
0
0
0
0
0
0
0
0
0
0
0
0
0
0
0
0
0
0
0
0
0
0
0
0
0
0
0
0
0
0
0
0
0
0
0
0
0
0
0
0
0
0
0
0
0
0
0
0
0
0
0
0
0
0
0
0
0
0
0
0
0
0
0
0
0
0
0
0
0
0
0
0
0
0
0
0
0
0
0
0
0
0
0
0
0
0
0
0
0
0
0
1012823476
32750
0
0
1004350848
32750
3
0
5
0
2090089586
0
1012825323
32750
0
0
1457815136
32766
1004348496
32750
1004390544
32750
1457815408
32766
1457815392
32766
50
0
1012825323
32750
0
0
1014904344
32750
1014902784
32750
4195430
0
1004404632
32750
4195224
0
0
1
1654
1
0
0
1457815592
32766
1457815552
32766
1
0
1014904344
32750
1015026856
32750
1015026000
32750
1012826063
32750
0
0
1014904344
32750
1
32750
0
0
1
32750
1015026000
32750
0
1
255
1
0
0
1457815720
32766
0
0
1015026856
32750
1457815408
32766
1457815392
32766
2090089586
0
4195430
0
-1
0
1012823476
32750
1004390544
32750
1014902784
32750
3
0
5
0
-163754450
0
1012825323
32750
-1
0
323150444
383249610
1917947451
45201752
2117397169
1374686102
314626839
1463096068
108822765
379144994
379144994
309692851
1680686825
1680686825
1101330286
62197263
1828306588
118612133
430775418
767458347
2016553096
1457840673
48268870
1118220295
386221364
579632989
596558034
385107363
1917550752
1192670297
1165236254
922458367
637011660
1249197333
637011660
1249197333
2143655978
1979368987
939836344
1710855569
1979518198
1391831287
303981412
1016134093
929366658
1330765203
1779454416
952133065
191153358
767458347
1594085120
579632989
915169242
2073390091
17599208
471467265
73441190
1848425959
311651732
681635901
568791090
251482499
568791090
0
1008330472
32750
0
0
1015026856
32750
