0
0
0
0
0
0
0
0
0
0
0
0
0
0
0
0
0
0
0
0
0
0
0
0
0
0
0
0
0
0
0
0
0
0
0
0
0
0
0
0
0
0
0
0
0
0
0
0
0
0
0
0
0
0
0
0
0
0
0
0
0
0
0
0
0
0
0
0
0
0
0
0
0
0
0
0
0
0
0
0
0
0
0
0
0
0
0
0
0
0
0
0
0
0
0
0
0
0
0
0
0
0
0
0
0
0
0
0
0
0
0
0
0
0
0
0
0
0
0
0
0
0
0
0
0
0
0
0
0
0
0
0
0
0
0
0
0
0
0
0
0
0
0
0
0
0
0
0
0
0
0
0
0
0
0
0
0
0
0
0
0
0
0
0
0
0
0
0
0
0
0
0
0
0
0
0
0
0
0
0
0
0
0
0
0
0
0
0
0
0
0
0
0
0
0
0
0
0
0
0
0
0
0
0
0
0
0
0
0
0
0
0
0
0
0
0
0
0
0
0
0
0
0
0
0
0
0
0
0
0
0
0
0
0
0
0
0
0
0
0
0
0
0
0
0
0
0
0
0
0
0
0
0
0
0
0
0
0
0
0
0
0
0
0
0
0
0
0
0
0
0
0
0
0
0
0
0
0
0
0
0
0
0
0
0
0
0
0
0
0
0
0
0
0
0
0
0
0
0
0
0
0
0
0
0
0
0
0
0
0
0
0
0
0
0
0
0
0
0
0
0
0
0
0
0
0
0
0
0
0
0
0
0
0
0
0
0
0
0
0
0
0
0
0
0
0
0
0
0
0
0
0
0
0
0
0
0
0
0
0
0
0
0
0
0
0
0
0
0
0
0
0
0
0
0
0
0
0
0
0
0
0
0
0
0
0
0
0
0
0
0
0
0
0
0
0
0
0
0
0
0
0
0
0
0
0
0
0
0
0
0
0
0
0
0
0
0
0
0
0
0
0
0
0
0
0
0
0
0
0
0
0
0
0
0
0
0
0
0
0
0
0
0
0
0
0
0
0
0
0
0
0
0
0
0
0
0
0
0
0
0
0
0
0
0
0
0
0
0
0
0
0
0
0
0
0
0
0
0
0
0
0
-1300439080
32767
-1300438336
32767
1969504256
32593
-1300438112
32767
2
0
1962901504
32593
1967413674
32593
0
0
0
0
0
0
0
0
0
0
-1300438984
32767
-1300438288
32767
0
0
1843200
0
1842600
0
1842600
0
0
0
5
0
3940352
0
3964928
0
3963040
0
3981792
0
1967454596
32593
3
32767
1959029090
32593
1969504256
32593
1967420514
32593
91472
0
1967454596
32593
5
0
1962938684
32593
1969617704
1
1967420514
32593
2208904
0
90112
0
3
0
0
0
0
1
147532
0
147532
0
0
0
5
0
2244608
0
0
0
1170
0
4096
0
1969627472
32593
0
0
4195408
0
0
0
1967486244
32593
0
0
1969504256
32593
47
0
1967432600
32593
1969618912
32593
21
0
4
1
10
0
4
20
1969627472
32593
-1300438336
32767
1967431737
32593
0
0
2147479968
3
-1300438336
32767
1967454596
32593
-1300438288
32767
1965156621
32593
1969616472
32593
1967420514
32593
-1300438288
32767
1967413284
32593
-1300438240
32767
1967431737
32593
1962918368
1
-1300438688
32767
0
0
1969618912
32593
-1300438184
32767
4195408
0
0
3
1969627424
32593
1962899616
32593
3981792
0
6
0
-1300439128
32767
64769
0
134423750
0
1
0
33261
0
0
0
0
0
2151672
0
4096
0
4208
0
1556208601
0
633928172
0
1530160934
0
0
0
1544717022
0
906254591
0
0
0
0
0
0
0
0
0
4195408
0
0
0
0
0
0
0
1969623040
32593
1969627472
32593
1967420790
32593
1
0
0
0
-1300438192
32767
0
0
1969627472
1
0
0
10
0
-1300438271
32767
0
32767
1969618912
32593
0
1
0
0
0
0
-1300438271
32767
0
32767
1969618912
32593
-1300431952
32767
832
0
1179403647
50397442
0
0
4063235
1
140512
0
64
0
2146808
0
0
3670080
4194314
4915276
6
5
64
0
64
0
64
0
560
0
560
0
8
0
3
4
1628816
0
1628816
0
1628816
0
-1300436632
32767
-1300436544
32767
0
0
-1300437600
32767
0
0
1959029090
32593
1967438738
32593
1969627016
32593
1967449876
32593
1969627016
32593
-1300436640
32767
-1300436648
32767
-1300436656
32767
1967438688
32593
-1300436632
32767
1969627016
32593
0
0
-1300436648
32767
0
0
1967438688
32593
1962892160
32593
-746586112
-39687
0
0
-1300437600
32767
0
0
1959029090
32593
-931135488
-39687
-839909376
-22877559
1
0
-1300437600
32767
0
0
1962938684
32593
-924844032
-39687
-839909376
-22877559
3942176
0
16
0
160
0
16
0
1685382480
4
1628844
0
1967415556
32593
1628844
0
1962892160
32593
-1300436544
32767
1967441979
32593
65536
65537
1967390721
32593
1
32767
1969625496
32593
0
0
1
0
1965112672
32593
1967440797
32593
1969625496
32593
0
0
0
0
-1300436656
32767
1967438688
32593
-1300436632
32767
4
20
0
0
-2009594486
-1518739322
1967424948
32593
-753557368
4
-1300348576
32767
0
0
1
0
-1340356096
0
1967426952
32593
1965156621
32593
-1300437408
32767
46165800
0
-1300348504
32767
-1300437136
32767
0
1076758578
742151304
1211239968
-1933540314
33556484
0
0
1967424948
32593
1969628896
32593
1958952320
32593
3
0
5
0
1038094023
0
1967426795
32593
-1258291199
-2147471336
-1300437280
32767
1958945316
32593
1958964104
32593
-1300437008
32767
-1300437024
32767
7
32593
1967427535
32593
0
0
1969507640
32593
1969504256
32593
1967388456
32593
1959006104
32593
1967387704
32593
0
1
491
1
1969627016
32593
-1300436672
32767
-1300436864
32767
1
0
1969507640
32593
1969628328
32593
1969625496
32593
1967427535
32593
0
0
1969507640
32593
1
32767
0
0
1
-22877559
1969625496
32593
0
0
0
0
4195392
0
-834666496
-39687
0
0
1969628328
32593
-1300437008
32767
-1300437024
32767
1038094023
0
1967388456
32593
-1
0
1962893344
32593
1958964104
32593
1969504256
32593
-1300436544
32767
1960235837
32593
0
32593
0
0
1
0
-1300348504
32767
0
32
0
0
0
0
1967440797
32593
1
0
1969625496
32593
1967389256
32593
7
0
1967387704
32593
1969622984
32593
-1300436544
32767
1967435791
32593
1
32767
0
0
0
32767
1967447063
32593
-1300436688
32767
-1300436680
32767
-1300436664
32767
0
0
-1300436568
32767
0
0
0
0
-1300436672
32767
1967388208
32593
-1300436568
32767
1967386624
32593
1969628328
32593
1967388624
32593
0
0
1967389280
32593
1967387536
32593
0
0
0
0
1958964104
32593
1958952320
32593
1967388848
32593
432
0
10
0
0
0
0
0
0
0
0
0
0
0
1969491968
32593
-641583717
2708312
1969627472
32593
-641742423
2708312
0
0
1967481096
32593
-1300432176
32767
1967402591
32593
0
0
0
0
0
0
0
0
1969628920
32593
0
0
0
0
0
0
1
0
1969627392
32593
1969493952
32593
0
0
-1300436479
32767
-1300436480
32767
0
0
0
0
0
0
0
0
0
0
0
0
0
0
-1300431912
32767
0
0
0
0
1
0
0
0
0
0
0
0
0
0
0
0
0
0
0
0
0
0
0
0
0
0
0
0
0
0
0
0
0
0
0
0
0
0
0
0
0
0
0
0
0
0
0
0
0
0
0
0
0
0
0
0
0
0
0
0
0
0
0
0
0
0
0
0
0
0
0
0
0
0
0
0
0
0
0
0
0
0
0
0
0
0
0
0
0
0
0
0
0
0
0
0
0
0
0
0
0
0
0
0
0
0
0
0
0
0
0
0
0
0
0
0
0
0
0
0
0
0
0
0
0
0
0
0
0
0
0
0
0
0
0
0
0
0
0
0
0
0
0
0
0
0
0
0
0
0
0
0
0
0
0
0
0
0
0
0
0
0
0
0
0
0
0
0
0
0
0
0
0
0
0
0
0
0
0
0
0
0
0
0
0
0
0
0
0
0
0
0
0
0
0
0
0
0
0
0
0
0
0
0
0
0
0
0
0
0
0
0
0
0
0
0
0
0
0
0
0
0
0
0
0
0
0
0
0
0
0
0
0
0
0
0
0
0
0
0
0
0
0
0
0
0
0
0
0
0
0
0
0
0
0
0
0
0
0
0
0
0
0
0
0
0
0
0
0
0
0
0
0
0
0
0
0
0
0
0
0
0
0
0
0
0
0
0
0
0
0
0
0
0
0
0
0
0
0
0
0
0
0
0
0
0
0
0
0
0
0
0
0
0
0
0
0
0
0
0
0
0
0
0
0
0
0
0
0
0
0
0
0
0
0
0
0
0
0
0
0
0
0
0
0
0
0
0
0
0
0
0
0
0
0
0
0
0
0
0
0
0
0
0
0
0
0
0
0
0
0
0
0
0
0
0
0
0
0
0
0
0
0
0
0
0
0
0
0
0
0
0
0
0
0
0
0
0
0
0
0
0
0
0
0
0
0
0
0
0
0
0
0
0
0
0
0
0
0
0
0
323150444
323150444
62922527
323150444
536838197
383249610
45201752
45201752
1374686102
314626839
1463096068
108822765
379144994
309692851
527588208
1680686825
1101330286
62197263
1828306588
118612133
430775418
767458347
2016553096
1457840673
48268870
1118220295
386221364
579632989
596558034
385107363
1917550752
1192670297
1165236254
922458367
637011660
1249197333
2143655978
1979368987
939836344
1710855569
1979518198
1391831287
303981412
1016134093
929366658
1330765203
1779454416
952133065
191153358
322093039
1156627196
1314952581
915169242
2073390091
17599208
471467265
73441190
1848425959
311651732
681635901
568791090
251482499
1594085120
934368057
351403390
867795679
1666636588
1925900789
1546417034
819817979
283934232
1638740081
65420886
1552608983
221733828
1855152813
1000335842
1663410547
1076426800
1915780265
945209902
1236197839
1566402396
57358949
1871762234
971099115
1409785160
114956257
1999169798
1947155399
1369261556
973033757
366645138
45731171
1128451424
910483993
1351488222
200400063
32989068
666404565
6586090
1550943707
360769656
864533329
1032036278
142124215
974656548
1245428621
715260226
1047057747
349458064
1639285641
1834151822
656503727
1121436604
1391054661
1595045530
1880857547
792420264
1465719489
1125212774
1531324839
1538969172
1650434557
213991154
0
0
0
0
0
0
0
0
0
0
0
0
0
0
0
0
0
0
0
0
0
0
0
0
0
0
0
0
0
0
0
0
0
0
0
0
0
0
0
0
0
0
0
0
0
0
0
0
0
0
0
0
0
0
0
0
0
0
0
0
0
0
0
0
0
0
0
0
0
0
0
0
1967424948
32593
0
0
1958952320
32593
3
0
5
0
2090089586
0
1967426795
32593
0
0
-1300433760
32767
1958949968
32593
1958992016
32593
-1300433488
32767
-1300433504
32767
50
0
1967426795
32593
0
0
1969505816
32593
1969504256
32593
4195430
0
1959006104
32593
4195224
0
0
1
1654
1
0
0
-1300433304
32767
-1300433344
32767
1
0
1969505816
32593
1969628328
32593
1969627472
32593
1967427535
32593
0
0
1969505816
32593
1
32593
0
0
1
32593
1969627472
32593
0
1
255
1
0
0
-1300433176
32767
0
0
1969628328
32593
-1300433488
32767
-1300433504
32767
2090089586
0
4195430
0
-1
0
1967424948
32593
1958992016
32593
1969504256
32593
3
0
5
0
-163754450
0
1967426795
32593
-1
0
-1300433376
32767
1958951808
32593
1959003056
32593
-1300433104
32767
-1300433120
32767
46
0
6295632
0
4196016
0
-1300431952
32767
0
0
0
0
-1300432176
32767
1967447326
32593
1
1
0
0
-1300431912
32767
1958992016
32593
-1300432384
32767
1967479082
32593
-1300425474
32767
4196976
0
-1300431912
32767
-1300431944
32767
-1300425474
32767
1962901120
32593
0
0
0
0
1
0
1969627472
32593
1
0
8064
65535
128
0
1962931944
32593
