0
0
0
0
0
0
0
0
0
0
0
0
0
0
0
0
0
0
0
0
0
0
0
0
0
0
0
0
0
0
0
0
0
0
0
0
0
0
0
0
0
0
0
0
0
0
0
0
0
0
0
0
0
0
0
0
0
0
0
0
0
0
0
0
0
0
0
0
0
0
0
0
0
0
0
0
0
0
0
0
0
0
0
0
0
0
0
0
0
0
0
0
0
0
0
0
0
0
0
0
0
0
0
0
0
0
0
0
0
0
0
0
0
0
0
0
0
0
0
0
0
0
0
0
0
0
0
0
0
0
0
0
0
0
0
0
0
0
0
0
0
0
0
0
0
0
0
0
0
0
0
0
0
0
0
0
0
0
0
0
0
0
0
0
0
0
0
0
0
0
0
0
0
0
0
0
0
0
0
0
0
0
0
0
0
0
0
0
0
0
0
0
0
0
0
0
0
0
0
0
0
0
0
0
0
0
0
0
0
0
0
0
0
0
0
0
0
0
0
0
0
0
0
0
0
0
0
0
0
0
0
0
0
0
0
0
0
0
0
0
0
0
0
0
0
0
0
0
0
0
0
0
0
0
0
0
0
0
0
0
0
0
0
0
0
0
0
0
0
0
0
0
0
0
0
0
0
0
0
0
0
0
0
0
0
0
0
0
0
0
0
0
0
0
0
0
0
0
0
0
0
0
0
0
0
0
0
0
0
0
0
0
0
0
0
0
0
0
0
0
0
0
0
0
0
0
0
0
0
0
0
0
0
0
0
0
0
0
0
0
0
0
0
0
0
0
0
0
0
0
0
0
0
0
0
0
0
0
0
0
0
0
0
0
0
0
0
0
0
0
0
0
0
0
0
0
0
0
0
0
0
0
0
0
0
0
0
0
0
0
0
0
0
0
0
0
0
0
0
0
0
0
0
0
0
0
0
0
0
0
0
0
0
0
0
0
0
0
0
0
0
0
0
0
0
0
0
0
0
0
0
0
0
0
0
0
0
0
0
0
0
0
0
0
0
0
0
0
0
0
0
0
0
0
0
0
0
0
0
0
0
0
0
0
0
0
0
0
0
0
0
0
0
0
0
0
0
0
0
0
0
0
0
0
0
0
0
0
0
0
0
0
0
0
0
0
0
0
0
0
0
0
0
0
0
0
0
0
0
0
0
0
0
0
0
0
0
0
0
0
0
0
0
0
0
0
0
0
0
0
0
0
0
0
0
0
0
0
0
0
0
0
0
0
0
0
0
0
0
0
0
0
0
0
0
0
0
0
0
0
0
0
0
0
0
0
0
0
0
0
0
0
0
0
0
0
0
0
0
0
0
0
0
0
0
0
0
0
0
0
0
0
0
0
0
0
0
0
0
0
0
0
0
0
0
0
0
0
0
0
0
0
0
0
0
0
0
0
0
0
0
0
0
0
0
0
0
0
0
0
0
0
0
0
0
0
0
0
0
0
0
0
0
0
0
0
0
0
0
0
0
0
0
0
0
0
0
0
0
0
0
0
0
0
0
0
0
0
0
0
0
0
0
0
0
0
0
0
0
0
0
0
0
0
0
0
0
0
0
0
0
0
0
0
0
0
0
0
0
0
0
0
0
0
0
0
0
0
0
0
0
0
0
0
0
0
0
0
0
0
0
0
0
0
0
0
0
0
0
0
0
0
0
0
0
0
0
0
0
0
0
0
0
0
0
0
0
0
0
0
0
0
0
0
0
0
0
0
0
0
0
0
0
0
0
0
0
0
0
0
0
0
0
0
0
0
0
0
0
0
0
0
0
0
0
0
0
0
0
0
0
0
0
0
0
0
0
0
0
0
0
0
0
0
0
0
0
0
0
0
0
0
0
0
0
0
0
0
0
0
0
0
0
0
0
0
0
0
0
0
0
0
0
0
0
0
0
0
0
0
0
0
0
0
0
0
0
0
0
0
0
0
0
0
0
0
0
0
0
0
0
0
0
0
0
0
0
0
0
0
0
0
0
0
0
0
0
0
0
0
0
0
0
0
0
0
0
0
0
0
0
0
0
0
0
0
0
0
0
0
0
0
0
0
0
0
0
0
0
0
0
0
0
0
0
0
0
0
0
0
0
0
0
0
0
0
0
0
0
0
0
0
0
0
0
0
0
0
0
0
0
0
0
0
0
0
0
0
0
0
0
0
0
0
0
0
0
0
0
0
0
0
0
0
0
0
0
0
0
0
0
0
0
0
0
0
0
0
0
0
0
0
0
0
0
0
0
0
0
0
0
0
0
0
0
0
0
0
0
0
0
0
0
0
0
0
0
0
0
0
0
0
0
0
0
0
0
0
0
0
0
0
0
0
0
0
0
0
0
0
0
0
0
0
0
0
0
0
0
0
0
0
0
0
0
0
0
0
0
0
0
0
0
0
0
0
0
0
0
0
0
0
0
0
0
0
0
0
0
0
0
0
0
0
0
0
0
0
0
0
0
0
0
0
0
0
0
0
0
0
0
0
0
0
0
0
0
0
0
0
0
0
0
0
0
0
0
0
0
0
0
0
0
0
0
0
0
0
0
0
0
0
0
0
0
0
0
0
0
0
0
0
0
0
0
0
0
0
0
0
0
0
0
0
0
0
0
0
0
0
0
0
0
0
0
0
0
0
0
0
0
0
0
0
0
0
0
0
0
0
0
0
0
0
0
0
0
0
0
0
0
0
0
0
0
0
0
0
0
0
0
0
0
0
0
0
0
0
0
0
0
0
0
0
0
0
0
0
0
0
0
0
0
0
0
0
0
0
0
0
0
0
0
0
0
0
0
0
0
0
0
0
0
0
0
0
0
0
0
0
0
0
0
0
0
0
0
0
0
0
0
0
0
0
0
0
0
0
0
0
0
0
0
0
0
0
0
0
0
0
0
0
0
0
0
0
0
0
0
0
0
0
0
0
0
0
0
0
0
0
0
0
0
0
0
0
0
0
0
0
0
0
0
0
0
0
0
0
0
0
0
0
0
0
0
0
0
0
0
0
0
0
0
0
0
0
0
0
0
0
0
0
0
0
0
0
0
0
0
0
0
0
0
0
0
0
0
0
0
0
0
0
0
0
0
0
0
0
0
0
0
0
0
0
0
0
0
0
0
0
0
0
0
0
0
0
0
0
0
0
0
0
0
0
0
0
0
0
0
0
0
0
0
0
0
0
0
0
0
0
0
0
0
0
0
0
0
0
0
0
0
0
0
0
0
0
0
0
0
0
0
0
0
0
0
0
0
0
0
0
0
0
0
0
0
0
0
0
0
0
0
0
0
0
0
0
0
0
0
0
0
0
0
0
0
0
0
0
0
0
0
0
0
0
0
0
0
0
0
0
0
0
0
0
0
0
0
0
0
0
0
0
0
0
0
0
0
0
0
0
0
0
0
0
0
0
0
0
0
0
0
0
0
0
0
0
0
0
0
0
0
0
0
0
0
0
0
0
0
0
0
0
0
0
0
0
0
0
0
0
0
0
0
0
0
0
0
0
0
0
0
0
0
0
0
0
0
0
0
0
0
0
0
0
0
0
0
0
0
0
0
0
0
0
0
0
0
0
0
0
0
0
0
0
0
0
0
0
0
0
0
0
0
0
0
0
0
0
0
0
0
0
0
0
0
0
0
0
0
0
0
0
0
0
0
0
0
0
0
0
0
0
0
0
0
0
0
0
0
0
0
0
0
0
0
0
0
0
0
0
0
0
0
0
0
0
0
0
0
0
0
0
0
0
0
0
0
0
0
0
0
0
0
0
0
0
0
0
0
0
0
0
0
0
0
0
0
0
0
0
0
0
0
0
0
0
0
0
0
0
0
0
0
0
0
0
0
0
0
0
0
0
0
0
0
0
0
0
0
0
0
0
0
0
0
0
0
0
0
0
0
0
0
0
0
0
0
0
0
0
0
0
0
0
0
0
0
0
0
0
0
0
0
0
0
0
0
0
0
0
0
0
0
0
0
0
0
0
0
0
591159998
62922527
323150444
536838197
314626839
1463096068
314626839
1463096068
108822765
379144994
309692851
527588208
1680686825
1101330286
62197263
1828306588
118612133
430775418
767458347
2016553096
1457840673
48268870
1118220295
386221364
579632989
596558034
385107363
1917550752
1192670297
1165236254
922458367
637011660
1249197333
2143655978
1979368987
939836344
1710855569
1979518198
1391831287
303981412
1016134093
929366658
1330765203
1779454416
952133065
191153358
322093039
1156627196
1314952581
915169242
2073390091
17599208
471467265
73441190
1848425959
311651732
681635901
568791090
251482499
1594085120
934368057
351403390
867795679
1594085120
934368057
351403390
867795679
1666636588
1925900789
1546417034
819817979
283934232
1638740081
65420886
1552608983
1076426800
1915780265
945209902
1236197839
1566402396
57358949
1871762234
971099115
1409785160
114956257
1999169798
1947155399
1369261556
973033757
366645138
45731171
1128451424
910483993
1351488222
200400063
32989068
666404565
6586090
1550943707
360769656
864533329
1032036278
142124215
974656548
1245428621
715260226
1047057747
349458064
1639285641
1834151822
656503727
1121436604
1391054661
1595045530
1880857547
792420264
1465719489
1125212774
1531324839
1538969172
1650434557
213991154
1889646915
136346560
1376346361
52451390
765240991
1685165036
871764917
1288026698
1311706555
970588888
432092721
816656662
196528791
911766660
960627821
398674082
1838381363
1193956592
1418164841
456215790
125990287
771215388
630477861
728320506
1102764971
1019204104
1239092641
468847558
113870727
1686374068
1769595613
536026706
1932334371
45406752
372690905
58772894
1655824511
425556044
507220117
765994410
2005796251
1578093880
1318166801
926610038
2000511095
1267762404
1633566029
576438274
421367059
574819152
333341001
2127157838
421367059
574819152
333341001
2127157838
1849133963
313324648
539150597
27452710
898717031
1267789588
1392907197
1959275954
1087627523
1947723904
168111801
1955033854
1087627523
1947723904
168111801
1955033854
1361676895
1532169388
692125045
459522314
1711697275
1312442264
608724525
1996809174
92213491
1563849136
1693595689
552900526
92213491
1563849136
1693595689
804683962
1359588203
857392840
1906819937
1073475206
43356999
477726580
1589392541
1016622354
739122403
157394656
816610713
1158432862
2063311935
283791628
1404983893
441486442
1125139803
1114731000
2027374289
1642267958
386128951
1128773028
532184845
1230126786
321914067
454854672
150667017
1451853070
904665903
1529484604
1271628485
1893524506
1638480715
203508008
191268417
1859463142
1691238695
248893396
139740541
884726898
0
0
0
0
0
0
0
0
0
0
0
0
0
0
0
0
0
0
0
0
0
0
0
0
0
0
0
0
0
0
0
0
0
0
0
0
0
0
0
0
0
0
0
0
0
0
0
0
0
0
0
0
0
0
0
0
0
0
0
0
0
0
0
0
0
0
0
0
0
0
0
0
0
0
0
0
0
0
0
0
0
0
0
0
0
0
0
0
0
0
0
0
0
0
0
0
0
0
0
0
0
0
0
0
0
0
0
0
0
0
0
0
0
0
0
0
0
0
0
0
0
0
0
0
0
0
0
0
0
0
0
0
0
0
0
0
0
0
0
0
0
0
0
0
0
0
0
0
0
0
0
0
0
0
0
0
0
0
0
0
0
0
0
0
0
0
0
0
0
0
0
0
0
0
0
0
0
0
0
0
0
0
0
0
0
0
0
0
0
0
0
0
0
0
0
0
0
0
0
0
0
0
0
0
0
0
0
0
0
0
0
0
0
0
0
0
0
0
0
0
0
0
0
0
0
0
0
0
0
0
0
0
0
0
0
0
0
0
0
0
0
0
0
0
0
0
0
0
0
0
0
0
0
0
0
0
0
0
0
0
0
0
0
0
0
0
0
0
0
0
0
0
0
0
0
0
0
0
0
0
0
0
0
0
0
0
0
0
0
0
0
0
0
0
0
0
0
0
0
0
0
0
0
0
0
0
0
0
0
0
0
0
0
0
0
0
0
0
0
0
0
0
0
0
0
0
0
0
0
0
0
0
0
0
0
0
0
0
0
0
0
0
0
0
0
0
0
0
0
0
0
0
0
0
0
0
0
0
0
0
0
0
0
0
0
0
0
0
0
0
0
0
0
0
0
0
0
0
0
0
0
0
0
0
0
0
0
0
0
0
0
0
0
0
0
0
0
0
0
0
0
0
0
0
0
0
0
0
0
0
0
0
0
0
0
0
0
0
0
0
0
0
0
0
0
0
0
0
0
0
0
0
0
0
0
0
0
0
0
0
0
0
0
0
0
0
0
0
0
0
0
0
0
0
0
0
0
0
0
0
0
0
0
0
0
0
0
0
0
0
0
0
0
0
0
0
0
0
0
0
0
0
-237130120
32766
-237129376
32766
-948535296
32566
-237129152
32766
2
0
-955138048
32566
-950625878
32566
0
0
0
0
0
0
0
0
0
0
-237130024
32766
-237129328
32766
0
0
1843200
0
1842600
0
1842600
0
0
0
5
0
3940352
0
3964928
0
3963040
0
3981792
0
-950584956
32566
3
32766
-959010462
32566
-948535296
32566
-950619038
32566
91472
0
-950584956
32566
5
0
-955100868
32566
-948421848
1
-950619038
32566
2208904
0
90112
0
3
0
0
0
0
1
147532
0
147532
0
0
0
5
0
2244608
0
0
0
1170
0
4096
0
-948412080
32566
0
0
4195408
0
0
0
-950553308
32566
0
0
-948535296
32566
47
0
-950606952
32566
-948420640
32566
21
0
4
1
10
0
4
20
-948412080
32566
-237129376
32766
-950607815
32566
0
0
2147479968
3
-237129376
32766
-950584956
32566
-237129328
32766
-952882931
32566
-948423080
32566
-950619038
32566
-237129328
32766
-950626268
32566
-237129280
32766
-950607815
32566
-955121184
1
-237129728
32766
0
0
-948420640
32566
-237129224
32766
4195408
0
0
3
-948412128
32566
-955139936
32566
3981792
0
6
0
-237130168
32766
64769
0
134423750
0
1
0
33261
0
0
0
0
0
2151672
0
4096
0
4208
0
1556208601
0
633928172
0
1530160934
0
0
0
1544717022
0
906254591
0
0
0
0
0
0
0
0
0
4195408
0
0
0
0
0
0
0
-948416512
32566
-948412080
32566
-950618762
32566
1
0
0
0
-237129232
32766
0
0
-948412080
1
0
0
10
0
-237129471
32766
0
32766
-948420640
32566
0
1
0
0
0
0
-237129215
32766
0
32766
-948420640
32566
-237122992
32766
832
0
1179403647
50397442
0
0
4063235
1
140512
0
64
0
2146808
0
0
3670080
4194314
4915276
6
5
64
0
64
0
64
0
560
0
560
0
8
0
3
4
1628816
0
1628816
0
1628816
0
-237127672
32766
-237127584
32766
0
0
-237128640
32766
0
0
-959010462
32566
-950600814
32566
-948412536
32566
-950589676
32566
-948412536
32566
-237127680
32766
-237127688
32766
-237127696
32766
-950600864
32566
-237127672
32766
-948412536
32566
0
0
-237127688
32766
0
0
-950600864
32566
-955147392
32566
1891631104
-138309
0
0
-237128640
32766
0
0
-959010462
32566
1707081728
-138309
1307574272
-26374482
1
0
-237128640
32766
0
0
-955100868
32566
1713373184
-138309
1307574272
-26374482
3942176
0
16
0
160
0
16
0
1685382480
4
1628844
0
-950623996
32566
1628844
0
-955147392
32566
-237127584
32766
-950597573
32566
65536
65537
-950599679
32566
1
32766
-948414056
32566
0
0
1
0
-952926880
32566
-950598755
32566
-948414056
32566
0
0
0
0
-237127696
32766
-950600864
32566
-237127672
32766
4
20
0
0
-2009594486
-1518739322
-950614604
32566
-753557368
4
-237080224
32766
0
0
1
0
-1340356096
0
-950612600
32566
-952882931
32566
-237128448
32766
46165800
0
-237080152
32766
-237128176
32766
0
1076758578
742151304
1211239968
-1933540314
33556484
0
0
-950614604
32566
-948410656
32566
-959087232
32566
3
0
5
0
1038094023
0
-950612757
32566
-1258291199
-2147471336
-237128320
32766
-959094236
32566
-959075448
32566
-237128048
32766
-237128064
32766
7
32566
-950612017
32566
0
0
-948531912
32566
-948535296
32566
-950651096
32566
-959033448
32566
-950651848
32566
0
1
491
1
-948412536
32566
-237127712
32766
-237127904
32766
1
0
-948531912
32566
-948411224
32566
-948414056
32566
-950612017
32566
0
0
-948531912
32566
1
32766
0
0
1
-26374482
-948414056
32566
0
0
0
0
4195392
0
1803550720
-138309
0
0
-948411224
32566
-237128048
32766
-237128064
32766
1038094023
0
-950651096
32566
-1
0
-955146208
32566
-959075448
32566
-948535296
32566
-237127584
32766
-957803715
32566
0
32566
0
0
1
0
-237080152
32766
0
32
0
0
0
0
-950598755
32566
1
0
-948414056
32566
-950650296
32566
7
0
-950651848
32566
-948416568
32566
-237127584
32766
-950603761
32566
1
32766
0
0
0
32766
-950592489
32566
-237127728
32766
-237127720
32766
-237127704
32766
0
0
-237127608
32766
0
0
0
0
-237127712
32766
-950651344
32566
-237127608
32766
-950652928
32566
-948411224
32566
-950650928
32566
0
0
-950650272
32566
-950652016
32566
0
0
0
0
-959075448
32566
-959087232
32566
-950650704
32566
432
0
10
0
0
0
0
0
0
0
0
0
0
0
-948547584
32566
1357103826
2708319
-948412080
32566
1356944451
2708319
0
0
-950558456
32566
-237123216
32766
-950636961
32566
0
0
0
0
0
0
0
0
-948410632
32566
0
0
0
0
0
0
1
0
-948412160
32566
-948545600
32566
0
0
-237127423
32766
-237127424
32766
0
0
0
0
0
0
0
0
0
0
0
0
0
0
-237122952
32766
0
0
0
0
1
0
0
0
0
0
0
0
0
0
0
0
0
0
0
0
0
0
0
0
0
0
0
0
0
0
0
0
0
0
0
0
0
0
0
0
0
0
0
0
0
0
0
0
0
0
0
0
0
0
0
0
0
0
0
0
0
0
0
0
0
0
0
0
0
0
0
0
0
0
0
0
0
0
0
0
0
0
0
0
0
0
0
0
0
0
0
0
0
0
0
0
0
0
0
0
0
0
0
0
0
0
0
0
0
0
0
0
0
0
0
0
0
0
0
0
0
0
0
0
0
0
0
0
0
0
0
0
0
0
0
0
0
0
0
0
0
0
0
0
0
0
0
0
0
0
0
0
0
0
0
0
0
0
0
0
0
0
0
0
0
0
0
0
0
0
0
0
0
0
0
0
0
0
0
0
0
0
0
0
0
0
0
0
0
0
0
0
0
0
0
0
0
0
0
0
0
0
0
0
0
0
0
0
0
0
0
0
0
0
0
0
0
0
0
0
0
0
0
0
0
0
0
0
0
0
0
0
0
0
0
0
0
0
0
0
0
0
0
0
0
0
0
0
0
0
0
0
0
0
0
0
0
0
0
0
0
0
0
0
0
0
0
0
0
0
0
0
0
0
0
0
0
0
0
0
0
0
0
0
0
0
0
0
0
0
0
0
0
0
0
0
0
0
0
0
0
0
0
0
0
0
0
0
0
0
0
0
0
0
0
0
0
0
0
0
0
0
0
0
0
0
0
0
0
0
0
0
0
0
0
0
0
0
0
0
0
0
0
0
0
0
0
0
0
0
0
0
0
0
0
0
0
0
0
0
0
0
0
0
0
0
0
0
0
0
0
0
0
0
0
0
0
0
0
0
0
0
0
0
0
0
0
0
0
0
0
0
0
0
0
0
0
0
0
0
0
0
0
0
0
0
0
0
0
0
0
0
0
0
0
0
0
0
0
0
0
0
0
0
0
0
0
0
0
0
0
0
0
0
0
0
0
0
0
0
0
0
0
0
0
0
0
0
0
0
0
0
0
0
0
0
0
0
0
0
0
0
0
0
0
0
0
0
0
0
0
0
0
0
0
0
0
0
0
0
0
0
0
0
0
0
0
0
0
0
0
0
0
0
0
0
0
0
0
0
0
0
0
0
0
0
0
0
0
0
0
0
0
0
0
0
0
0
0
0
0
0
0
0
0
0
0
0
0
0
0
0
0
0
0
0
0
0
0
0
0
0
0
0
0
0
0
0
0
0
0
0
0
0
0
0
0
0
0
0
0
0
0
0
0
0
0
0
0
0
0
0
0
0
0
0
0
0
0
0
0
0
0
0
0
0
0
0
0
0
0
0
0
0
0
0
0
0
0
0
0
0
0
0
0
0
0
0
0
0
-950614604
32566
0
0
-959087232
32566
3
0
5
0
2090089586
0
-950612757
32566
0
0
-237124832
32766
-959089584
32566
-959047536
32566
-237124560
32766
-237124576
32766
50
0
-950612757
32566
0
0
-948533736
32566
-948535296
32566
4195430
0
-959033448
32566
4195224
0
0
1
1654
1
0
0
-237124376
32766
-237124416
32766
1
0
-948533736
32566
-948411224
32566
-948412080
32566
-950612017
32566
0
0
-948533736
32566
1
32566
0
0
1
32566
-948412080
32566
0
1
255
1
0
0
-237124248
32766
0
0
-948411224
32566
-237124560
32766
-237124576
32766
2090089586
0
4195430
0
-1
0
-950614604
32566
-959047536
32566
-948535296
32566
3
0
5
0
-163754450
0
-950612757
32566
-1
0
-237124448
32766
-959087744
32566
-959036496
32566
-237124176
32766
-237124192
32766
46
0
6295632
0
4196016
0
-237122992
32766
0
0
0
0
-237123216
32766
-950592226
32566
1
1
0
0
-948414200
32566
-959047536
32566
-237123424
32766
-950560470
32566
-237116162
32766
4196976
0
-237122952
32766
-237122984
32766
-237116162
32766
-955138432
32566
0
0
0
0
1
0
-948412080
32566
1
32566
8064
65535
-952908712
32566
-955107608
32566
0
0
-948411224
32566
-237124176
32766
-237124192
32766
