356482
525364
129425
865928
506991
636803
791134
122748
182169
120773
701215
76204
512082
234969
670823
326898
783087
339893
858101
897918
97850
984687
240846
172220
889924
690743
384522
828280
147958
416733
867701
285748
47540
260051
202013
154546
409629
292193
772370
849930
826499
200796
664327
243698
554140
128461
617326
134268
848026
888558
556304
236495
95310
494061
578103
490596
166266
874578
382499
276596
490903
467586
888302
101428
697704
459567
748429
800219
400320
342312
213388
584765
647688
887917
417583
576870
66515
129277
827640
88169
478805
620961
340474
253394
78977
942399
352612
76138
502027
923005
534705
441595
732615
148793
664520
500166
57924
355189
605174
163350
913418
108787
244676
31770
9332
87086
289004
918933
624268
163479
955579
598158
310707
49559
456094
863306
267907
54683
990230
302909
559549
857438
760516
858968
386617
443816
699113
427682
523266
224367
95910
608793
261729
77560
720586
848107
25945
673143
149932
4768
22733
516789
782898
43922
929142
16429
269912
133011
512056
208342
456716
431074
141199
757288
254464
327417
122676
164499
290117
563495
994002
197497
350359
492344
884445
558910
142742
195409
824938
917871
673582
741144
833582
369216
176468
76183
508882
262852
371697
719706
580650
146973
126226
48101
313706
922173
294484
821480
519524
617214
995999
171529
652394
416168
397112
79117
964532
609043
566188
741271
21848
477335
215435
462566
513906
106371
724855
428760
446511
803577
490900
464641
142894
238826
203283
669272
248411
578482
928942
939780
718152
346219
903478
228710
768656
421526
590509
808528
882497
411874
136467
443372
305202
953947
776779
90193
839809
904519
110835
694462
241132
310066
651643
731804
961149
389431
332648
280509
375887
852083
356728
700814
513990
192715
779332
767977
378152
265014
512943
117516
925108
126319
71587
829731
258765
534815
559242
513969
171127
514646
867500
936973
745074
84484
842578
268082
148481
571770
503418
26612
708198
328200
341057
355760
11126
123787
438319
144984
840491
50484
548634
351555
331833
738957
596601
745434
621067
472129
862460
807909
176890
225301
515900
159804
62481
903875
946229
996122
121593
899955
465150
616157
692326
573920
966651
406252
831930
617790
707362
144792
784854
815477
577773
109157
325316
751284
786932
786682
393278
48762
377732
947543
189571
577425
707148
842087
440911
128981
751196
654714
448659
726402
673855
108994
289757
354740
286416
429746
292998
243449
432840
666871
335299
756269
712149
350057
280818
549337
123428
349569
939401
5943
35319
247431
92557
271830
877104
512280
437793
684149
203386
711159
235949
132323
329507
200680
617756
665353
312983
469077
989899
647486
626292
399645
802336
792929
671173
796597
206587
23482
551404
398660
16005
256160
193436
57747
334716
365650
555936
122158
37675
419405
101862
785932
508785
164138
171479
635243
101710
754989
72707
991340
502452
349909
177223
343220
835851
862192
345702
545755
495776
980706
6551
42915
841697
79203
978147
288813
808570
950415
345540
433774
476289
512912
85714
51922
695894
232122
341015
327113
923699
816317
653513
877478
168494
620424
673850
102256
866354
244943
162498
635796
509627
21641
468332
291530
385362
474982
269600
964683
900354
183473
597570
607619
128629
660517
491010
572651
511653
90754
941321
321962
580314
756889
650307
992399
308264
537413
49923
492305
846044
825878
469638
516518
502871
771139
949870
309884
538812
555562
706457
865286
395552
842562
241120
304279
391396
866973
22905
524639
356975
877099
503509
118242
96268
677593
865740
181438
854976
839520
419193
924079
518473
526279
91678
109888
485437
720846
222880
430854
951575
551848
888504
460342
461359
398729
71025
749583
528925
588781
65682
19157
366990
537673
329446
160484
280277
245785
280724
496552
750752
987849
888070
689309
700494
65572
4719
22268
495863
66978
191085
153738
160536
2003
4012
16096
259081
698455
508082
449280
284022
359085
93018
62413
895382
845008
73948
173339
276605
495881
84830
901161
342328
224342
84692
877767
675760
385044
229993
357172
17786
316341
287380
982885
990248
338558
952369
768612
353886
681249
243732
570712
589639
76766
598051
182713
319269
148446
561378
612646
672966
911671
215324
414752
220529
388399
529927
649751
269566
946351
227017
292078
705179
356183
312277
27644
764190
165771
710220
901274
546004
767624
836085
253425
94688
375882
848324
394070
672342
72198
917583
144971
836721
22362
500059
950900
267677
931499
106993
857567
981751
762351
358462
940953
629285
862619
82196
461215
265878
971634
474792
89143
651507
554576
611861
711728
45572
76807
604347
163076
823978
334911
496228
429092
731318
250072
406463
3413
11648
135675
227836
369635
486047
18484
341658
766071
749224
990853
537124
739382
224895
333120
594752
542623
381944
147298
221864
978994
651545
604092
149891
992475
459114
332267
27176
738534
266589
350218
393563
273012
521108
970608
482051
444932
395989
188465
159317
907070
437231
192386
652634
729375
706913
509783
180669
576516
658216
751573
221258
710462
245079
229141
965990
128776
698356
369798
606574
859797
516506
490475
47557
261668
45632
82279
474866
159418
939262
744808
688175
138428
982442
119609
421410
492728
262713
298643
288295
509628
22660
513475
357222
53505
862785
368614
732294
678557
878101
262220
39851
588102
266578
344353
614871
109224
339947
894813
826387
15673
245642
210450
339529
610792
699679
219398
890842
325486
861921
173435
14928
222845
415253
636362
229669
208242
415057
473621
978552
81276
310820
119791
464981
458965
195473
849955
868996
534771
512180
335347
788460
193880
229716
229833
283600
119548
406822
295382
351180
68308
371015
213176
494334
847934
732529
22791
519429
518513
567758
226599
102466
909346
276426
396889
902055
954404
353928
710977
977120
280754
513397
583474
139492
278148
56898
237382
515639
890573
846285
233730
90105
823943
277234
844246
81704
380576
104171
261662
42492
805570
402963
465389
838556
96495
721350
654779
533776
448976
10952
119946
502141
37480
404750
613805
94423
325768
45574
76989
632338
419387
86763
232850
679514
177775
539179
951185
809772
895662
346501
98826
176643
137978
858059
825839
405221
995301
781602
16330
266668
392345
610743
639824
352857
248978
860502
729317
622309
721434
775973
838675
296086
767573
757790
15033
225991
827291
510598
12279
150773
257661
964681
896495
544400
18616
346555
136251
384465
784448
178341
740741
236382
41875
753515
849172
833547
310866
148389
544458
81770
391365
842707
485484
766480
376038
965623
419874
200516
551960
12130
147136
174166
269024
654435
83406
661593
913600
441304
475692
944579
171256
558813
34323
178068
643441
699460
912987
321606
351204
85165
958109
144821
793252
183510
611149
135912
292202
777630
412995
61145
738711
233094
793205
108946
279296
696844
260255
308155
470223
66337
105630
567762
231141
886554
293947
505492
119091
297764
764053
956401
169806
64273
131018
280814
547091
955818
54982
23020
529920
642332
273537
808046
103309
