356482
525364
129425
865928
506991
636803
791134
122748
182169
120773
701215
76204
512082
234969
670823
326898
783087
339893
858101
897918
97850
984687
240846
172220
889924
690743
384522
828280
147958
416733
867701
285748
47540
260051
202013
154546
409629
292193
772370
849930
826499
200796
664327
243698
554140
128461
617326
134268
848026
888558
556304
236495
95310
494061
578103
490596
166266
874578
382499
276596
490903
467586
888302
101428
697704
459567
748429
800219
400320
342312
213388
584765
647688
887917
417583
576870
66515
129277
827640
88169
478805
620961
340474
253394
78977
942399
352612
76138
502027
923005
534705
441595
732615
148793
664520
500166
57924
355189
605174
163350
913418
108787
244676
31770
9332
87086
289004
918933
624268
163479
955579
598158
310707
49559
456094
863306
267907
54683
990230
302909
559549
857438
760516
858968
386617
443816
699113
427682
523266
224367
95910
608793
261729
77560
720586
848107
25945
673143
149932
4768
22733
516789
782898
43922
929142
16429
269912
133011
512056
208342
456716
431074
141199
757288
254464
327417
122676
164499
290117
563495
994002
197497
350359
492344
884445
558910
142742
195409
824938
917871
673582
741144
833582
369216
176468
76183
508882
262852
371697
719706
580650
146973
126226
48101
313706
922173
294484
821480
519524
617214
995999
171529
652394
416168
397112
79117
964532
609043
566188
741271
356728
700814
513990
192715
779332
767977
378152
265014
512943
117516
925108
126319
71587
829731
258765
534815
559242
513969
171127
514646
867500
936973
745074
84484
842578
268082
148481
571770
503418
26612
708198
328200
341057
355760
11126
123787
438319
144984
840491
50484
548634
351555
331833
738957
596601
745434
621067
472129
862460
807909
176890
225301
515900
159804
62481
903875
946229
996122
121593
899955
465150
616157
692326
573920
966651
406252
831930
617790
707362
144792
784854
815477
577773
109157
325316
751284
786932
786682
393278
48762
377732
947543
189571
577425
707148
842087
440911
128981
751196
654714
448659
726402
673855
108994
289757
354740
286416
429746
292998
243449
432840
666871
335299
756269
712149
350057
280818
549337
123428
349569
939401
5943
35319
247431
92557
271830
877104
512280
437793
684149
203386
711159
235949
132323
329507
200680
617756
665353
312983
469077
989899
647486
626292
399645
802336
792929
671173
796597
206587
23482
551404
398660
16005
256160
193436
57747
334716
365650
555936
122158
37675
419405
101862
785932
508785
164138
171479
635243
101710
754989
72707
991340
502452
349909
177223
343220
835851
862192
345702
545755
495776
980706
6551
42915
841697
79203
978147
288813
808570
950415
345540
433774
476289
512912
85714
51922
695894
232122
341015
327113
923699
816317
653513
877478
168494
620424
673850
102256
866354
244943
356975
877099
503509
118242
96268
677593
865740
181438
854976
839520
419193
924079
518473
526279
91678
109888
485437
720846
222880
430854
951575
551848
888504
460342
461359
398729
71025
749583
528925
588781
65682
19157
366990
537673
329446
160484
280277
245785
280724
496552
750752
987849
888070
689309
700494
65572
4719
22268
495863
66978
191085
153738
160536
2003
4012
16096
259081
698455
508082
449280
284022
359085
93018
62413
895382
845008
73948
173339
276605
495881
84830
901161
342328
224342
84692
877767
675760
385044
229993
357172
17786
316341
287380
982885
990248
338558
952369
768612
353886
681249
243732
570712
589639
76766
598051
182713
319269
148446
561378
612646
672966
911671
215324
414752
220529
388399
529927
649751
269566
946351
227017
292078
705179
356183
312277
27644
764190
165771
710220
901274
546004
767624
836085
253425
94688
375882
848324
394070
672342
72198
917583
144971
836721
22362
500059
950900
267677
931499
106993
857567
981751
762351
358462
940953
629285
862619
82196
461215
265878
971634
474792
89143
651507
554576
611861
711728
45572
76807
604347
163076
823978
334911
496228
429092
731318
250072
406463
3413
11648
135675
227836
369635
486047
18484
341658
766071
749224
990853
537124
739382
224895
333120
594752
542623
381944
147298
221864
978994
651545
604092
149891
992475
459114
332267
27176
738534
266589
350218
393563
273012
357222
53505
862785
368614
732294
678557
878101
262220
39851
588102
266578
344353
614871
109224
339947
894813
826387
15673
245642
210450
339529
610792
699679
219398
890842
325486
861921
173435
14928
222845
415253
636362
229669
208242
415057
473621
978552
81276
310820
119791
464981
458965
195473
849955
868996
534771
512180
335347
788460
193880
229716
229833
283600
119548
406822
295382
351180
68308
371015
213176
494334
847934
732529
22791
519429
518513
567758
226599
102466
909346
276426
396889
902055
954404
353928
710977
977120
280754
513397
583474
139492
278148
56898
237382
515639
890573
846285
233730
90105
823943
277234
844246
81704
380576
104171
261662
42492
805570
402963
465389
838556
96495
721350
654779
533776
448976
10952
119946
502141
37480
404750
613805
94423
325768
45574
76989
632338
419387
86763
232850
679514
177775
539179
951185
809772
895662
346501
98826
176643
137978
858059
825839
405221
995301
781602
16330
266668
392345
610743
639824
352857
248978
860502
729317
622309
721434
775973
838675
296086
767573
757790
15033
225991
827291
510598
12279
150773
257661
964681
896495
544400
18616
346555
136251
384465
784448
178341
740741
236382
41875
753515
849172
833547
310866
148389
544458
81770
391365
842707
485484
766480
376038
965623
419874
200516
551960
12130
147136
174166
269024
654435
83406
661593
913600
441304
475692
944579
171256
558813
34323
357469
230034
376033
961863
762462
527716
606269
489880
759213
878761
421749
778559
563727
255517
864427
204696
245746
261554
985985
503811
422453
372878
599049
377418
710425
192506
698821
19485
379665
411591
903426
134751
977962
926933
211327
709427
775494
95522
534517
240581
44642
992908
318785
839628
600541
167207
188377
126155
30182
910953
906680
729868
131352
73478
104049
236259
278707
368180
412526
673976
272082
14170
200788
661115
281346
846160
22174
491686
236954
312623
243859
632637
797615
534528
252341
546438
241744
605586
662183
399661
815124
2171
4713
22212
493372
897761
815928
18570
344844
953267
479873
644829
487578
509104
488845
746232
811416
265928
998224
18741
351225
99916
393272
44043
939785
727550
48025
306400
686646
331294
381532
832746
976165
710334
63217
996389
653593
982047
343635
120896
730940
697338
948981
916773
954110
87792
412467
625301
159316
906751
858622
792331
723188
309840
511545
980249
110394
596900
102291
873514
817496
579779
136239
381195
575707
726068
188730
259274
798497
942299
164142
172792
87271
321260
128772
697326
932245
497346
539907
736759
647944
219599
979080
819939
285065
952642
288680
731763
901143
309887
540672
268435
337872
488338
250800
771097
885096
710881
840622
270710
269460
889214
427555
414651
136759
523154
107168
895045
241634
552415
219654
3239
10491
110061
523489
457793
416000
257308
782897
42356
357716
406685
183931
765841
396885
898880
531402
215211
366101
885956
233986
209840
83152
619287
264299
134484
906077
636776
756748
436885
889942
722780
719885
838337
729256
533336
979447
538718
454274
206436
961116
325996
194176
344580
771259
134958
33792
141899
955457
365012
89773
764224
217737
164760
376053
976905
860639
965113
730166
566442
28959
838623
208866
675332
806776
347452
463808
369496
383307
895368
819938
283425
20319
412861
950480
469098
9601
92179
202000
149294
813861
944763
518895
964048
675610
182338
182375
195869
4926
24265
588790
76280
523671
648376
779609
199804
266932
533215
850394
615449
820349
957583
137167
634916
686368
949596
84398
828055
775282
61725
809975
224471
142589
151753
554136
124028
498042
232697
608286
644670
282548
523960
951141
726069
190182
809454
380749
235880
99766
363320
152403
751837
618158
162190
535792
605225
225080
416366
561954
259685
11789
138980
135571
199626
195834
991217
258597
447898
44122
946750
982364
966354
832150
983887
665987
157052
190494
928225
608191
529105
779226
602770
554420
438858
617783
698713
868551
761562
156094
890500
716267
937307
371083
263639
786045
686418
18235
332515
192042
520391
223853
865525
809216
995505
187726
881312
616728
396303
437245
204629
218321
419418
112766
126236
50625
562890
312539
191346
253553
159581
991259
341861
904826
666304
579388
683005
639362
761873
629883
615602
357963
583457
119654
432177
93365
127088
266457
279856
9969
99380
286449
448650
718326
596166
226581
94309
304252
374966
160547
5535
30636
938564
434086
747061
49356
436014
129647
923442
341602
727809
424963
204924
339140
346789
3526
12432
154554
412102
324333
112679
106622
778316
185407
16017
256544
390314
21163
447872
20832
433972
648103
425670
806322
615105
397038
20350
414122
993306
109298
356118
265978
24819
615982
476702
906497
398057
830552
621857
159071
828746
920132
534340
51394
641343
298950
471756
510391
800935
546747
579538
856844
37200
383840
304257
378008
156127
900803
992193
899438
534864
611656
460907
981865
986203
933748
6966
48525
354675
240304
911437
788716
597638
688893
127162
285272
70702
703805
420238
506317
953834
561200
412827
922407
431149
205866
726104
241008
250281
511036
459755
921262
615115
409341
56329
172956
143974
548643
361430
782626
618099
89251
670773
259818
80883
247092
924914
767415
515262
501923
818594
81238
304645
614262
655649
378881
816891
590975
359099
103072
33902
149345
829092
198777
857590
21200
449440
132850
469253
155045
564115
398153
906988
288478
615177
485619
897579
489176
69957
599014
335486
881706
16389
268599
425946
41368
711311
452165
589724
177012
268477
360422
54999
24890
619512
543028
821632
769277
376583
80835
239329
443795
680473
482003
398658
14411
207676
179648
208632
577638
953177
358210
760352
609546
179138
25651
657973
431739
714970
80992
264736
365672
572025
795086
801554
538687
420875
42106
772915
397143
103739
171845
760900
443192
145620
25315
640849
665547
571177
120618
663800
543775
633474
857350
609614
262041
240976
234857
618202
216590
961555
170049
146858
92435
249261
1503
2259
5103
26040
678081
232341
442732
738095
618349
103396
100798
570302
121824
956185
756687
344565
760922
476672
877896
902240
288198
453708
987486
171024
479404
194928
637186
279072
571769
502274
171067
494114
630476
362995
916351
180532
527031
883768
656797
885569
548405
100333
476776
977054
151779
562028
342860
588862
161071
174063
233156
822112
558275
433330
91295
39809
584756
637163
249762
251514
129750
950160
860893
402382
997483
834889
254940
569894
656624
658347
924042
450093
720245
356784
740771
280827
554392
407811
101054
621976
307087
108112
98269
66861
175426
709510
893266
355196
610146
910953
906680
729868
131352
73478
104049
236259
278707
368180
412526
673976
272082
14170
200788
661115
281346
846160
22174
491686
236954
312623
243859
632637
797615
534528
252341
546438
241744
605586
662183
399661
815124
2171
4713
22212
493372
897761
815928
18570
344844
953267
479873
644829
487578
509104
488845
746232
811416
265928
998224
18741
351225
99916
393272
44043
939785
727550
48025
306400
686646
331294
381532
832746
976165
710334
63217
996389
