356482
525364
129425
865928
506991
636803
791134
122748
182169
120773
701215
76204
512082
234969
670823
326898
783087
339893
858101
897918
97850
984687
240846
172220
889924
690743
384522
828280
147958
416733
867701
285748
47540
260051
202013
154546
409629
292193
772370
849930
826499
200796
664327
243698
554140
128461
617326
134268
848026
888558
556304
236495
95310
494061
578103
490596
166266
874578
382499
276596
490903
467586
888302
356728
700814
513990
192715
779332
767977
378152
265014
512943
117516
925108
126319
71587
829731
258765
534815
559242
513969
171127
514646
867500
936973
745074
84484
842578
268082
148481
571770
503418
26612
708198
328200
341057
355760
11126
123787
438319
144984
840491
50484
548634
351555
331833
738957
596601
745434
621067
472129
862460
807909
176890
225301
515900
159804
62481
903875
946229
996122
121593
899955
465150
616157
692326
356975
877099
503509
118242
96268
677593
865740
181438
854976
839520
419193
924079
518473
526279
91678
109888
485437
720846
222880
430854
951575
551848
888504
460342
461359
398729
71025
749583
528925
588781
65682
19157
366990
537673
329446
160484
280277
245785
280724
496552
750752
987849
888070
689309
700494
65572
4719
22268
495863
66978
191085
153738
160536
2003
4012
16096
259081
698455
508082
449280
284022
359085
93018
357222
53505
862785
368614
732294
678557
878101
262220
39851
588102
266578
344353
614871
109224
339947
894813
826387
15673
245642
210450
339529
610792
699679
219398
890842
325486
861921
173435
14928
222845
415253
636362
229669
208242
415057
473621
978552
81276
310820
119791
464981
458965
195473
849955
868996
534771
512180
335347
788460
193880
229716
229833
283600
119548
406822
295382
351180
68308
371015
213176
494334
847934
732529
357469
230034
376033
961863
762462
527716
606269
489880
759213
878761
421749
778559
563727
255517
864427
204696
245746
261554
985985
503811
422453
372878
599049
377418
710425
192506
698821
19485
379665
411591
903426
134751
977962
926933
211327
709427
775494
95522
534517
240581
44642
992908
318785
839628
600541
167207
188377
126155
30182
910953
906680
729868
131352
73478
104049
236259
278707
368180
412526
673976
272082
14170
200788
357716
406685
183931
765841
396885
898880
531402
215211
366101
885956
233986
209840
83152
619287
264299
134484
906077
636776
756748
436885
889942
722780
719885
838337
729256
533336
979447
538718
454274
206436
961116
325996
194176
344580
771259
134958
33792
141899
955457
365012
89773
764224
217737
164760
376053
976905
860639
965113
730166
566442
28959
838623
208866
675332
806776
347452
463808
369496
383307
895368
819938
283425
20319
357963
583457
119654
432177
93365
127088
266457
279856
9969
99380
286449
448650
718326
596166
226581
94309
304252
374966
160547
5535
30636
938564
434086
747061
49356
436014
129647
923442
341602
727809
424963
204924
339140
346789
3526
12432
154554
412102
324333
112679
106622
778316
185407
16017
256544
390314
21163
447872
20832
433972
648103
425670
806322
615105
397038
20350
414122
993306
109298
356118
265978
24819
615982
358210
760352
609546
179138
25651
657973
431739
714970
80992
264736
365672
572025
795086
801554
538687
420875
42106
772915
397143
103739
171845
760900
443192
145620
25315
640849
665547
571177
120618
663800
543775
633474
857350
609614
262041
240976
234857
618202
216590
961555
170049
146858
92435
249261
1503
2259
5103
26040
678081
232341
442732
738095
618349
103396
100798
570302
121824
956185
756687
344565
760922
476672
877896
358457
937369
487313
250758
750032
202252
251165
954315
184052
810367
859645
255151
677523
770882
553571
498174
364198
791164
170216
203682
831651
153651
133793
720697
8090
65448
283440
28822
830707
879352
165826
728458
370080
815220
158684
705775
197111
198040
565135
549988
839089
990680
194318
399746
883074
430608
739655
628672
91492
75818
453401
709003
174080
239075
322280
785183
332020
863098
908815
310983
221145
660470
358704
114508
227180
71144
766501
408230
442975
953322
584736
613773
55140
40419
633695
137394
697242
815102
966306
739382
224895
333120
594752
542623
381944
147298
221864
978994
651545
604092
149891
992475
459114
332267
27176
738534
266589
350218
393563
273012
521108
970608
482051
444932
395989
188465
159317
907070
437231
192386
652634
729375
706913
509783
180669
576516
658216
751573
221258
710462
245079
229141
965990
128776
358951
291768
524187
189071
388104
300859
321824
491471
25575
654080
618884
765316
593027
788671
526655
487582
513005
181124
741132
815794
94886
413418
410718
185550
69064
474868
161318
253693
230596
634907
674940
277470
975156
741451
288738
765254
498132
322353
832241
135347
138941
124732
673169
184936
136553
466852
202425
321174
73523
110664
656586
608445
838130
382227
68591
409757
397074
48938
394927
348512
201529
959232
359198
174184
275294
772342
806678
189333
487246
185463
36786
353209
202546
370176
886284
815280
256514
374922
127552
384610
895964
887572
805040
844307
184706
51535
655856
650363
65236
255735
975880
154001
241471
473668
23074
532409
286469
460109
246894
827105
202880
505588
216155
773311
9448
89264
673094
83966
755321
574129
206594
26375
695640
878672
265337
684246
41153
693569
1620
2624
6885
47403
247044
901195
359445
351689
426068
145314
936289
463763
327755
49157
416410
598596
834885
248261
503981
593777
383807
278925
489744
625984
13944
194435
445230
661257
469123
33057
92765
15410
237468
556476
427893
703793
403347
775012
643146
319916
561999
310263
773848
840272
682397
809197
964755
39274
542447
190971
110184
550579
489524
410545
43472
889814
494972
184144
844241
73262
72353
939989
111024
736393
108771
241195
340453
239095
359692
529315
1494
2232
4981
24810
615536
927445
160768
76546
564322
631739
957172
350203
383056
703011
303227
752300
314574
172553
4734
22410
502208
104772
387237
923606
644518
86591
203033
567693
152795
871475
554431
451055
587150
147738
351680
419738
86329
157728
403285
725001
640439
140219
481498
207057
217895
233590
24680
609102
638058
391085
623621
356095
249597
169120
831770
351598
362069
244941
161518
318260
359939
707064
723293
461721
732884
248045
396779
814752
395857
83941
751124
546547
360879
384633
913656
543630
475800
47340
241075
282580
542045
755005
96866
793087
921764
540314
176409
55364
65172
247389
71775
856683
761322
85570
27257
742944
209973
138987
137516
730781
464925
406890
350714
741225
953654
217852
214853
212138
52858
793968
319959
589513
928193
548786
518363
412227
427374
259909
128178
544697
342078
53241
360185
884215
152118
665049
203508
760800
291022
89425
701863
985399
348580
248932
837598
490740
307579
115560
469211
115630
485395
680072
936424
716579
384355
699877
201543
964875
270829
333903
117031
811353
163694
25921
671898
475356
625027
111694
885615
629880
611823
665228
146660
34319
177793
545579
303701
39984
598720
983352
613514
737273
405597
300169
202082
182429
215568
519889
996599
72121
906471
350920
885762
890272
