356482
525364
129425
865928
506991
636803
791134
122748
182169
120773
701215
76204
512082
234969
670823
326898
783087
339893
858101
897918
97850
984687
240846
172220
889924
690743
384522
828280
147958
416733
867701
285748
47540
260051
202013
154546
409629
292193
772370
849930
826499
200796
664327
243698
554140
128461
617326
134268
848026
888558
556304
236495
95310
494061
578103
490596
166266
874578
382499
276596
490903
467586
888302
101428
697704
459567
748429
800219
400320
342312
213388
584765
647688
887917
417583
576870
66515
129277
827640
88169
478805
620961
340474
253394
78977
942399
352612
76138
502027
923005
534705
441595
732615
148793
664520
500166
57924
355189
605174
163350
913418
108787
244676
31770
9332
87086
289004
918933
624268
163479
955579
598158
310707
49559
456094
863306
267907
54683
990230
302909
559549
857438
760516
858968
386617
443816
699113
427682
523266
224367
95910
608793
261729
77560
720586
848107
25945
673143
149932
4768
22733
516789
782898
43922
929142
16429
269912
133011
512056
208342
456716
431074
141199
757288
254464
327417
122676
164499
290117
563495
994002
197497
350359
492344
884445
558910
142742
195409
824938
917871
673582
741144
833582
369216
176468
76183
508882
262852
371697
719706
580650
146973
126226
48101
313706
922173
294484
821480
519524
617214
995999
171529
652394
416168
397112
79117
964532
609043
566188
741271
21848
477335
215435
462566
513906
106371
724855
428760
446511
803577
490900
464641
142894
238826
203283
669272
248411
578482
928942
939780
718152
346219
903478
228710
768656
421526
590509
808528
882497
411874
136467
443372
305202
953947
776779
90193
839809
904519
110835
694462
241132
310066
651643
731804
961149
389431
332648
280509
375887
852083
195965
42542
809821
975023
482078
470964
763757
504170
784318
974401
269536
930178
942685
891746
641978
113859
78969
941135
971825
845992
737892
318724
800740
234420
413128
171019
477694
558290
450078
706743
269461
889753
386418
289982
485181
472368
88195
483390
737658
973445
702362
686107
591380
837953
85560
25546
652598
682387
795549
538018
700559
156640
61253
751930
758009
346993
145057
861664
730473
14859
220789
503142
43768
915637
872493
34823
212641
266521
313966
85368
992728
961371
816231
513114
292971
227628
274898
554466
489867
746476
175637
783584
118529
164221
198733
840099
391693
99550
320267
786703
426319
359263
220884
545101
782356
195554
881628
173817
147578
304429
482702
72986
31988
23232
539725
540266
124541
625558
480787
522872
812188
519351
437488
417189
247969
359082
90863
961117
327919
156688
76292
525501
273394
729835
83182
624277
174716
460909
983708
313787
973000
836194
435703
858543
656675
725326
111796
908411
576824
13445
180768
612298
246686
724440
827303
530453
207510
110727
670533
937905
492460
998683
935321
947011
476636
843577
952551
115308
411032
443580
489688
571136
73783
148963
715138
321250
122347
83886
741893
649409
825254
439331
33166
99983
406665
167664
341413
598719
982155
555769
936503
864540
105102
456495
229254
17788
316412
332305
52430
748904
511452
885110
735664
35641
270280
36834
356743
711516
743844
548082
41135
692088
244429
910961
921255
602217
888062
675100
493476
394
155
24
0
0
0
0
0
0
0
0
0
0
0
0
0
0
0
0
0
0
0
0
0
0
0
0
0
0
0
0
0
0
0
0
0
0
0
0
0
0
0
0
0
0
0
0
0
0
0
0
0
0
0
0
0
0
0
0
0
0
0
0
0
0
0
0
0
0
0
0
0
0
0
0
0
0
0
0
0
0
0
0
0
0
0
0
0
0
0
0
0
0
0
0
0
0
0
0
0
0
0
0
0
0
0
0
0
0
0
0
0
0
0
0
0
0
0
0
0
0
0
0
0
0
0
0
0
0
0
0
0
0
0
0
0
0
0
0
0
0
0
0
0
0
0
0
0
0
0
0
0
0
0
0
0
0
0
0
0
0
0
0
0
0
0
0
0
0
0
0
0
0
0
0
0
0
0
0
0
0
0
0
0
0
0
0
0
0
0
0
0
0
0
0
0
0
0
0
0
0
0
0
0
0
0
0
0
0
0
0
0
0
0
0
0
0
0
0
0
0
0
0
0
0
0
0
0
0
0
0
0
0
0
0
0
0
0
0
0
0
0
0
0
0
0
0
0
0
0
0
0
0
0
0
0
0
0
0
0
0
0
0
0
0
0
0
0
0
0
0
0
0
0
0
0
0
0
0
0
0
0
0
0
0
0
0
0
0
0
0
0
0
0
0
0
0
0
0
0
0
0
0
0
0
0
0
0
0
0
0
0
0
0
0
0
0
0
0
0
0
0
0
0
0
0
0
0
0
0
0
0
0
0
0
0
0
0
0
0
0
0
0
0
0
0
0
0
0
0
0
0
0
0
0
0
0
0
0
0
0
0
0
0
0
0
0
0
0
0
0
0
0
0
0
0
0
0
0
0
0
0
0
0
0
0
0
0
0
0
0
0
0
0
0
0
0
0
0
0
0
0
0
0
0
0
0
0
0
0
0
0
0
0
0
0
0
0
0
0
0
0
0
0
0
0
0
0
0
0
0
0
0
0
0
0
0
0
0
0
0
0
0
0
0
0
0
0
0
0
0
0
0
0
0
0
0
0
0
0
0
0
0
0
0
0
0
0
0
0
0
0
0
0
0
0
0
0
0
0
0
0
0
0
0
0
0
0
0
0
0
0
0
0
0
0
0
0
0
0
0
0
0
0
0
0
0
0
0
0
0
0
0
0
0
0
0
0
0
0
0
0
0
0
0
0
0
0
0
0
0
0
0
0
0
0
0
0
0
0
0
356728
700814
513990
192715
779332
767977
378152
265014
512943
117516
925108
126319
71587
829731
258765
534815
559242
513969
171127
514646
867500
936973
745074
84484
842578
268082
148481
571770
503418
26612
708198
328200
341057
355760
11126
123787
438319
144984
840491
50484
548634
351555
331833
738957
596601
745434
621067
472129
862460
807909
176890
225301
515900
159804
62481
903875
946229
996122
121593
899955
465150
616157
692326
573920
966651
406252
831930
617790
707362
144792
784854
815477
577773
109157
325316
751284
786932
786682
393278
48762
377732
947543
189571
577425
707148
842087
440911
128981
751196
654714
448659
726402
673855
108994
289757
354740
286416
429746
292998
243449
432840
666871
335299
756269
712149
350057
280818
549337
123428
349569
939401
5943
35319
247431
92557
271830
877104
512280
437793
684149
203386
711159
235949
132323
329507
200680
617756
665353
312983
469077
989899
647486
626292
399645
802336
792929
671173
796597
206587
23482
551404
398660
16005
256160
193436
57747
334716
365650
555936
122158
37675
419405
101862
785932
508785
164138
171479
635243
101710
754989
72707
991340
502452
349909
177223
343220
835851
862192
345702
545755
495776
980706
6551
42915
841697
79203
978147
288813
808570
950415
345540
433774
476289
512912
85714
51922
695894
232122
341015
327113
923699
816317
653513
877478
168494
620424
673850
102256
866354
244943
162498
635796
509627
21641
468332
291530
385362
474982
269600
964683
900354
183473
597570
607619
128629
660517
491010
572651
511653
90754
941321
321962
580314
756889
650307
992399
308264
537413
49923
492305
846044
825878
469638
516518
502871
771139
949870
309884
538812
555562
706457
865286
395552
842562
241120
304279
391396
866973
22905
524639
368173
407371
742374
363341
167663
341077
369402
313851
13169
173422
10419
108555
194253
374489
803057
655450
117972
32490
55600
91360
51682
671029
603320
217769
178697
867846
537402
38100
451610
88129
471753
507560
214083
881857
282687
602528
262737
311254
389772
598356
547617
531635
462898
821160
288847
828210
32004
24256
588353
561868
163036
810933
482334
717853
211821
918463
760692
126701
168241
535230
3311
10962
120165
554725
777147
662038
207649
168434
600208
767357
426245
296173
819100
909911
304307
408437
612025
912445
627189
524017
10876
118287
106912
840241
630301
142359
86215
138058
880142
555826
999864
295605
482970
331786
707767
717919
11615
134908
20299
412049
280653
456695
411892
151295
415340
708623
930349
260835
610387
205102
412124
342466
318844
877248
764907
967166
402168
825310
531763
599013
334288
79317
996219
314850
346274
941566
783269
624970
40444
635717
409178
217878
226182
913656
543630
475800
47340
241075
282580
542045
755005
96866
793087
921764
540314
176409
55364
65172
247389
71775
856683
761322
85570
27257
742944
209973
138987
137516
730781
464925
406890
350714
741225
953654
217852
214853
212138
52858
793968
319959
589513
928193
548786
518363
412227
427374
259909
128178
544697
342078
53241
834604
779134
459401
595881
886847
518586
643467
732919
299348
709879
417021
107822
35649
270851
345820
627355
732272
646337
139689
333147
612741
789378
347368
405443
175269
654451
104349
298779
369544
418781
578834
41350
709822
336098
292715
77692
741079
737237
352514
7035
49491
449359
60047
605642
730012
341575
709363
684692
651699
804791
443459
382356
167222
193393
41114
690360
150527
183541
622527
992809
122199
47693
274622
402798
332438
140841
656318
256587
412379
552715
551193
166012
790180
614174
547547
454973
842000
294396
769658
962917
791180
195534
873806
327714
22283
496532
730891
625709
669728
858995
433002
807138
931689
460998
65758
29147
849547
175599
770237
559549
857438
760516
858968
386617
443816
699113
427682
523266
224367
95910
608793
261729
77560
720586
848107
25945
673143
149932
4768
22733
516789
782898
43922
929142
16429
269912
133011
512056
208342
456716
431074
141199
757288
254464
327417
122676
164499
290117
563495
994002
197497
350359
492344
884445
558910
142742
195409
824938
917871
673582
741144
833582
369216
176468
76183
508882
262852
371697
719706
580650
146973
126226
48101
313706
922173
294484
821480
519524
617214
995999
171529
652394
416168
397112
79117
964532
609043
566188
741271
21848
477335
215435
462566
513906
106371
724855
428760
446511
803577
490900
464641
142894
238826
203283
669272
248411
578482
928942
939780
718152
346219
903478
228710
768656
421526
590509
808528
882497
411874
136467
443372
305202
953947
776779
90193
839809
904519
110835
694462
241132
310066
651643
731804
961149
389431
332648
280509
375887
852083
195965
42542
809821
975023
482078
470964
763757
504170
784318
974401
269536
930178
942685
891746
641978
113859
78969
941135
971825
845992
737892
318724
800740
234420
413128
171019
477694
558290
450078
706743
269461
889753
386418
289982
485181
472368
88195
483390
737658
973445
702362
686107
591380
837953
85560
25546
652598
682387
795549
538018
700559
156640
61253
751930
758009
346993
145057
861664
730473
14859
220789
503142
43768
915637
872493
34823
212641
266521
313966
85368
992728
961371
816231
513114
292971
227628
274898
554466
489867
746476
175637
783584
118529
164221
198733
840099
391693
99550
320267
786703
426319
359263
220884
545101
782356
195554
881628
173817
147578
304429
482702
72986
31988
23232
539725
540266
124541
625558
480787
522872
812188
519351
437488
417189
247969
359082
90863
961117
327919
156688
76292
525501
273394
729835
83182
624277
174716
460909
983708
313787
973000
836194
435703
858543
656675
725326
111796
908411
576824
13445
180768
612298
246686
724440
827303
530453
207510
110727
670533
937905
492460
998683
935321
947011
476636
843577
952551
115308
411032
443580
489688
571136
73783
148963
715138
321250
122347
83886
741893
649409
825254
439331
33166
99983
406665
167664
341413
598719
982155
555769
936503
864540
105102
456495
229254
17788
316412
332305
52430
748904
511452
885110
735664
35641
270280
36834
356743
711516
743844
548082
41135
692088
244429
910961
921255
602217
888062
675100
493476
394
155
24
0
0
0
0
0
0
0
0
0
0
0
0
0
0
0
0
0
0
0
0
0
0
0
0
0
0
0
0
0
0
0
0
0
0
0
0
0
0
0
0
0
0
0
0
0
0
0
0
0
0
0
0
0
0
0
0
0
0
0
0
0
0
0
0
0
0
0
0
0
0
0
0
0
0
0
0
0
0
0
0
0
0
0
0
0
0
0
0
0
0
0
0
0
0
0
0
0
0
0
0
0
0
0
0
0
0
0
0
0
0
0
0
0
0
0
0
0
0
0
0
0
0
0
0
0
0
0
0
356975
877099
503509
118242
96268
677593
865740
181438
854976
839520
419193
924079
518473
526279
91678
109888
485437
720846
222880
430854
951575
551848
888504
460342
461359
398729
71025
749583
528925
588781
65682
19157
366990
537673
329446
160484
280277
245785
280724
496552
750752
987849
888070
689309
700494
65572
4719
22268
495863
66978
191085
153738
160536
2003
4012
16096
259081
698455
508082
449280
284022
359085
93018
62413
895382
845008
73948
173339
276605
495881
84830
901161
342328
224342
84692
877767
675760
385044
229993
357172
17786
316341
287380
982885
990248
338558
952369
768612
353886
681249
243732
570712
589639
76766
598051
182713
319269
148446
561378
612646
672966
911671
215324
414752
220529
388399
529927
649751
269566
946351
227017
292078
705179
356183
312277
27644
764190
165771
710220
901274
546004
767624
836085
253425
94688
375882
848324
394070
672342
72198
917583
144971
836721
22362
500059
950900
267677
931499
106993
857567
981751
762351
358462
940953
629285
862619
82196
461215
265878
971634
474792
89143
651507
554576
611861
711728
45572
76807
604347
163076
823978
334911
496228
429092
731318
250072
406463
3413
11648
135675
227836
369635
486047
18484
341658
766071
749224
990853
537124
739382
224895
333120
594752
542623
381944
147298
221864
978994
651545
604092
149891
992475
459114
332267
27176
738534
266589
350218
393563
273012
521108
970608
482051
444932
395989
188465
159317
907070
437231
192386
652634
729375
706913
509783
180669
576516
658216
751573
221258
710462
245079
229141
965990
128776
698356
369798
606574
859797
516506
490475
47557
261668
45632
82279
474866
159418
939262
744808
688175
138428
982442
119609
421410
492728
262713
298643
288295
509628
22660
513475
663570
238480
38135
454278
210071
180152
389972
754305
40349
628041
593473
22883
523631
606484
750622
792671
262089
266134
107829
37158
380716
210751
466311
697583
290737
923624
677768
102928
4238
17960
322561
966383
888199
918448
733138
620415
662682
60768
692749
159807
63440
24633
606784
114602
248716
730106
478826
641071
950133
809585
592843
570471
314614
197721
438888
644115
567272
969942
189645
605487
542287
17414
303247
764429
236143
223908
890152
96600
741625
251826
286792
645272
59093
491982
528119
31771
9396
88284
499097
284679
732721
9151
83740
717420
590348
618410
178838
918259
386001
967883
494631
141657
886836
499075
262719
301796
886512
219478
925952
688614
742838
52480
754150
806539
965096
697353
969902
112051
965492
166898
85138
953511
945127
206815
117738
977334
699007
279481
800218
398720
63848
76567
567538
271801
861339
170498
299764
959109
767072
283900
289798
378502
529843
560730
885520
461622
641473
465716
143027
276853
633139
433034
834851
191490
308681
794679
154520
401593
363147
26724
714172
235504
922526
650696
498489
678147
321852
509494
886098
485617
895636
299927
56859
232945
723765
144732
767482
618100
90487
892929
753249
448372
468954
874522
284549
658722
122976
238194
901806
505242
866408
338512
921224
545100
781266
491206
765165
361924
139962
409492
179973
325509
876893
142187
37273
389276
211948
972281
437537
460065
206406
948731
442345
395570
856802
965226
948295
615242
565596
71255
782307
118886
248979
861000
586625
531506
325753
35801
281711
51676
670408
770287
636575
500804
696543
135813
265301
665143
33578
127482
366758
367444
871106
911419
755905
161718
382907
588882
184626
21988
483472
816940
671032
607346
796943
757952
260583
478990
798153
393051
165233
532140
105
11
0
0
0
0
0
0
0
0
0
0
0
0
0
0
0
0
0
0
0
0
0
0
0
0
0
0
0
0
0
0
0
0
0
0
0
0
0
0
0
0
0
0
0
0
0
0
0
0
0
0
0
0
0
0
0
0
0
0
0
0
0
0
0
0
0
0
0
0
0
0
0
0
0
0
0
0
0
0
0
0
0
0
0
0
0
0
0
0
0
0
0
0
0
0
0
0
0
0
0
0
0
0
0
0
0
0
0
0
0
0
0
0
0
0
0
0
0
0
0
0
0
0
0
0
0
0
0
0
0
0
0
0
0
0
0
0
0
0
0
0
0
0
0
0
0
0
0
0
0
0
0
0
0
0
0
0
0
0
0
0
0
0
0
0
0
0
0
0
0
0
0
0
0
0
0
0
0
0
0
0
0
0
0
0
0
0
0
0
0
0
0
0
0
0
0
0
0
0
0
0
0
0
0
0
0
0
0
0
0
0
0
0
0
0
0
0
0
0
0
0
0
0
0
0
0
0
0
0
0
0
0
0
0
0
0
0
0
0
0
0
0
0
0
0
0
0
0
0
0
0
0
0
0
0
0
0
0
0
0
0
0
0
0
0
0
0
0
0
0
0
0
0
0
0
0
0
0
0
0
0
0
0
0
0
0
0
0
0
0
0
0
0
0
0
0
0
0
0
0
0
0
0
0
0
0
0
0
0
0
0
0
0
0
0
0
0
0
0
0
0
0
0
0
0
0
0
0
0
0
0
0
0
0
0
0
0
0
0
0
0
0
0
0
0
0
0
0
0
0
0
0
0
0
0
0
0
0
0
0
0
0
0
0
0
0
0
0
0
0
0
0
0
0
0
0
0
0
0
0
0
0
0
0
0
0
0
0
0
0
0
0
0
0
0
0
0
0
0
0
0
0
0
0
0
0
0
0
0
0
0
0
0
0
0
0
0
0
0
0
0
0
0
0
0
0
0
0
0
0
0
0
0
0
0
0
0
0
0
0
0
0
0
0
0
0
0
0
0
0
0
0
0
0
0
0
0
0
0
0
0
0
0
0
0
0
0
0
0
0
0
0
0
0
0
0
0
0
0
0
0
0
0
0
0
0
0
0
0
0
0
0
0
0
0
0
0
357222
53505
862785
368614
732294
678557
878101
262220
39851
588102
266578
344353
614871
109224
339947
894813
826387
15673
245642
210450
339529
610792
699679
219398
890842
325486
861921
173435
14928
222845
415253
636362
229669
208242
415057
473621
978552
81276
310820
119791
464981
458965
195473
849955
868996
534771
512180
335347
788460
193880
229716
229833
283600
119548
406822
295382
351180
68308
371015
213176
494334
847934
732529
22791
519429
518513
567758
226599
102466
909346
276426
396889
902055
954404
353928
710977
977120
280754
513397
583474
139492
278148
56898
237382
515639
890573
846285
233730
90105
823943
277234
844246
81704
380576
104171
261662
42492
805570
402963
465389
838556
96495
721350
654779
533776
448976
10952
119946
502141
37480
404750
613805
94423
325768
45574
76989
632338
419387
86763
232850
679514
177775
539179
951185
809772
895662
346501
98826
176643
137978
858059
825839
405221
995301
781602
16330
266668
392345
610743
639824
352857
248978
860502
729317
622309
721434
775973
838675
296086
767573
757790
15033
225991
827291
510598
12279
150773
257661
964681
896495
544400
18616
346555
136251
384465
784448
178341
740741
236382
41875
753515
849172
833547
310866
148389
544458
81770
391365
842707
485484
766480
376038
965623
419874
200516
551960
12130
147136
174166
269024
654435
83406
661593
913600
441304
475692
944579
171256
558813
34323
178068
643441
699460
912987
321606
351204
85165
958109
144821
793252
183510
611149
135912
292202
777630
412995
61145
738711
233094
793205
108946
279296
696844
260255
308155
470223
66337
105630
567762
231141
886554
293947
505492
119091
297764
764053
956401
169806
64273
131018
280814
547091
955818
54982
23020
529920
642332
273537
808046
103309
82814
563191
651489
531122
917704
367041
575109
37880
434894
154230
312056
889666
231609
103121
44006
936528
911366
659297
880837
779707
352617
79664
51385
640418
113321
251714
230395
542248
975117
665391
363551
320310
814248
574841
24660
608115
436665
697761
539108
874626
466461
837499
324905
484043
369391
305724
272850
432678
526657
489688
571136
73783
148963
715138
321250
122347
83886
741893
649409
825254
439331
33166
99983
406665
167664
341413
598719
982155
555769
936503
864540
105102
456495
229254
17788
316412
332305
52430
748904
511452
885110
735664
35641
270280
36834
356743
711516
743844
548082
41135
692088
244429
910961
921255
602217
888062
675100
493476
394
155
24
0
0
0
0
0
0
0
0
0
0
0
0
0
0
0
0
0
0
0
0
0
0
0
0
0
0
0
0
0
0
0
0
0
0
0
0
0
0
0
0
0
0
0
0
0
0
0
0
0
0
0
0
0
0
0
0
0
0
0
0
0
0
0
0
0
0
0
0
0
0
0
0
0
0
0
0
0
0
0
0
0
0
0
0
0
0
0
0
0
0
0
0
0
0
0
0
0
0
0
0
0
0
0
0
0
0
0
0
0
0
0
0
0
0
0
0
0
0
0
0
0
0
0
0
0
0
0
0
0
0
0
0
0
0
0
0
0
0
0
0
0
0
0
0
0
0
0
0
0
0
0
0
0
0
0
0
0
0
0
0
0
0
0
0
0
0
0
0
0
0
0
0
0
0
0
0
0
0
0
0
0
0
0
0
0
0
0
0
0
0
0
0
0
0
0
0
0
0
0
0
0
0
0
0
0
0
0
0
0
0
0
0
0
0
0
0
0
0
0
0
0
0
0
0
0
0
0
0
0
0
0
0
0
0
0
0
0
0
0
0
0
0
0
0
0
0
0
0
0
0
0
0
0
0
0
0
0
0
0
0
0
0
0
0
0
0
0
0
0
0
0
0
0
0
0
0
0
0
0
0
0
0
0
0
0
0
0
0
0
0
0
0
0
0
0
0
0
0
0
0
0
0
0
0
0
0
0
0
0
0
0
0
0
0
0
0
0
0
0
0
0
0
0
0
0
0
0
0
0
0
0
0
0
0
0
0
0
0
0
0
0
0
0
0
0
0
0
0
0
0
0
0
0
0
0
0
0
0
0
0
0
0
0
0
0
0
0
0
0
0
0
0
0
0
0
0
0
0
0
0
0
0
0
0
0
0
0
0
0
0
0
0
0
0
0
0
0
0
0
0
0
0
0
0
0
0
0
0
0
0
0
0
0
0
0
0
0
0
0
0
0
0
0
0
0
0
0
0
0
0
0
0
0
0
0
0
0
0
0
0
0
0
0
0
0
0
0
0
0
0
0
0
0
0
0
0
0
0
0
0
0
0
0
0
0
0
0
0
0
0
0
0
0
0
0
0
0
0
0
0
0
0
0
0
0
0
0
0
0
0
0
0
0
0
0
0
0
0
0
0
0
0
0
0
0
0
0
0
0
0
0
0
0
0
0
0
0
0
0
0
0
0
0
0
0
0
0
0
0
0
0
0
0
0
0
0
0
0
0
0
0
0
0
0
0
0
0
0
0
0
0
0
0
0
0
0
0
0
0
0
0
0
0
0
0
0
0
0
0
0
0
0
0
0
0
0
0
0
0
0
0
0
0
0
0
0
0
0
0
0
0
0
0
0
0
0
0
0
0
0
0
0
0
0
0
0
0
0
0
0
0
0
0
0
0
0
0
0
0
0
0
0
0
0
0
0
0
0
0
0
0
0
0
0
0
0
0
0
0
0
0
0
0
0
0
0
0
0
0
357469
230034
376033
961863
762462
527716
606269
489880
759213
878761
421749
778559
563727
255517
864427
204696
245746
261554
985985
503811
422453
372878
599049
377418
710425
192506
698821
19485
379665
411591
903426
134751
977962
926933
211327
709427
775494
95522
534517
240581
44642
992908
318785
839628
600541
167207
188377
126155
30182
910953
906680
729868
131352
73478
104049
236259
278707
368180
412526
673976
272082
14170
200788
661115
281346
846160
22174
491686
236954
312623
243859
632637
797615
534528
252341
546438
241744
605586
662183
399661
815124
2171
4713
22212
493372
897761
815928
18570
344844
953267
479873
644829
487578
509104
488845
746232
811416
265928
998224
18741
351225
99916
393272
44043
939785
727550
48025
306400
686646
331294
381532
832746
976165
710334
63217
996389
653593
982047
343635
120896
730940
697338
948981
916773
954110
87792
412467
625301
159316
906751
858622
792331
723188
309840
511545
980249
110394
596900
102291
873514
817496
579779
136239
381195
575707
726068
188730
259274
798497
942299
164142
172792
87271
321260
128772
697326
932245
497346
539907
736759
647944
219599
979080
819939
285065
952642
288680
731763
901143
309887
540672
268435
337872
488338
250800
771097
885096
710881
840622
270710
269460
889214
427555
414651
136759
523154
107168
895045
241634
552415
219654
3239
10491
110061
523489
457793
416000
257308
782897
42356
794030
418415
272420
198212
633291
625532
448259
367635
11507
132411
352803
210872
517327
339252
422769
639968
537147
764090
12943
167521
293481
231751
168918
763486
90287
856775
918960
673891
157513
335508
896468
495990
192944
867648
193775
189012
365797
663459
91180
18825
354380
31132
969201
47707
275957
137821
814758
405634
330184
647291
373810
294962
103235
67530
265333
682124
436683
713481
248996
869465
55142
40640
651609
687493
200222
434143
796550
131709
167391
249943
341961
973208
241006
249317
29424
865771
235114
738985
637983
295382
351180
68308
371015
213176
494334
847934
732529
22791
519429
518513
567758
226599
102466
909346
276426
396889
902055
954404
353928
710977
977120
280754
513397
583474
139492
278148
56898
237382
515639
890573
846285
233730
90105
823943
277234
844246
81704
380576
104171
261662
42492
805570
402963
465389
838556
96495
721350
654779
533776
448976
10952
119946
502141
37480
404750
613805
94423
325768
45574
76989
632338
419387
86763
232850
679514
177775
539179
951185
809772
895662
346501
98826
176643
137978
858059
825839
405221
995301
781602
16330
266668
392345
610743
639824
352857
248978
860502
729317
622309
721434
775973
838675
296086
767573
757790
15033
225991
827291
510598
12279
150773
257661
964681
896495
544400
18616
346555
136251
384465
784448
178341
740741
236382
41875
753515
849172
833547
310866
148389
544458
81770
391365
842707
485484
766480
376038
965623
419874
200516
551960
12130
147136
174166
269024
654435
83406
661593
913600
441304
475692
944579
171256
558813
34323
178068
643441
699460
912987
321606
351204
85165
958109
144821
793252
183510
611149
135912
292202
777630
412995
61145
738711
233094
793205
108946
279296
696844
260255
308155
470223
66337
105630
567762
231141
886554
293947
505492
119091
297764
764053
956401
169806
64273
131018
280814
547091
955818
54982
23020
529920
642332
273537
808046
103309
82814
563191
651489
531122
917704
367041
575109
37880
434894
154230
312056
889666
231609
103121
44006
936528
911366
659297
880837
779707
352617
79664
51385
640418
113321
251714
230395
542248
975117
665391
363551
320310
814248
574841
24660
608115
436665
697761
539108
874626
466461
837499
324905
484043
369391
305724
272850
432678
526657
489688
571136
73783
148963
715138
321250
122347
83886
741893
649409
825254
439331
33166
99983
406665
167664
341413
598719
982155
555769
936503
864540
105102
456495
229254
17788
316412
332305
52430
748904
511452
885110
735664
35641
270280
36834
356743
711516
743844
548082
41135
692088
244429
910961
921255
602217
888062
675100
493476
394
155
24
0
0
0
0
0
0
0
0
0
0
0
0
0
0
0
0
0
0
0
0
0
0
0
0
0
0
0
0
0
0
0
0
0
0
0
0
0
0
0
0
0
0
0
0
0
0
0
0
0
0
0
0
0
0
0
0
0
0
0
0
0
0
0
0
0
0
0
0
0
0
0
0
0
0
0
0
0
0
0
0
0
0
0
0
0
0
0
0
0
0
0
0
0
0
0
0
0
0
0
0
0
0
0
0
0
0
0
0
0
0
0
0
0
0
0
0
0
0
0
0
0
0
0
0
0
0
0
0
0
0
0
0
0
0
0
0
0
0
0
0
0
0
0
0
0
0
0
0
0
0
0
0
0
0
0
0
0
0
0
0
0
0
0
0
0
0
0
0
0
0
0
0
0
0
0
0
0
0
0
0
0
0
0
0
0
0
0
0
0
0
0
0
0
0
0
0
0
0
0
0
0
0
0
0
0
0
0
0
0
0
0
0
0
0
0
0
0
0
0
0
0
0
0
0
0
0
0
0
0
0
0
0
0
0
0
0
0
0
0
0
0
0
0
0
0
0
0
0
0
0
0
0
0
0
0
0
0
0
0
0
0
0
0
0
0
0
0
0
0
0
0
0
0
0
0
0
0
0
0
0
0
0
0
0
0
0
0
0
0
0
0
0
0
0
0
0
0
0
0
0
0
0
0
0
0
0
0
0
0
0
0
0
0
0
0
0
0
0
0
0
0
0
0
0
0
0
0
0
0
0
0
0
0
0
0
0
0
0
0
0
0
0
0
0
0
0
0
0
0
0
0
0
0
0
0
0
0
0
0
0
0
0
0
0
0
0
0
0
0
0
0
0
0
0
0
0
0
0
0
0
0
0
0
0
0
0
0
0
0
0
0
0
0
0
0
0
0
0
0
0
0
0
0
0
0
0
0
0
0
0
0
0
0
0
0
0
0
0
0
0
0
0
0
0
0
357716
406685
183931
765841
396885
898880
531402
215211
366101
885956
233986
209840
83152
619287
264299
134484
906077
636776
756748
436885
889942
722780
719885
838337
729256
533336
979447
538718
454274
206436
961116
325996
194176
344580
771259
134958
33792
141899
955457
365012
89773
764224
217737
164760
376053
976905
860639
965113
730166
566442
28959
838623
208866
675332
806776
347452
463808
369496
383307
895368
819938
283425
20319
412861
950480
469098
9601
92179
202000
149294
813861
944763
518895
964048
675610
182338
182375
195869
4926
24265
588790
76280
523671
648376
779609
199804
266932
533215
850394
615449
820349
957583
137167
634916
686368
949596
84398
828055
775282
61725
809975
224471
142589
151753
554136
124028
498042
232697
608286
644670
282548
523960
951141
726069
190182
809454
380749
235880
99766
363320
152403
751837
618158
162190
535792
605225
225080
416366
561954
259685
11789
138980
135571
199626
195834
991217
258597
447898
44122
946750
982364
966354
832150
983887
665987
157052
190494
928225
608191
529105
779226
602770
554420
438858
617783
698713
868551
761562
156094
890500
716267
937307
371083
263639
786045
686418
18235
332515
192042
520391
223853
865525
809216
995505
187726
881312
616728
396303
437245
204629
218321
419418
112766
126236
50625
562890
312539
191346
253553
159581
991259
341861
904826
666304
579388
683005
639362
761873
629883
615602
8700
75690
434008
679350
954921
341049
350303
453107
442490
523871
857884
525549
323844
795721
811717
754491
320986
247764
257457
859597
172627
30277
916696
812933
730066
420419
658476
93912
229529
143954
542884
665261
190566
955661
754880
908131
68192
355181
599491
907173
624098
951256
944845
673843
92822
25989
675428
936449
763401
960501
439169
890849
337958
546460
265788
923784
973354
525204
961334
745090
108326
144587
725531
409221
253069
914376
859813
544020
899984
517348
360980
457541
185336
284661
722473
276192
267576
877439
100052
420468
699679
219398
890842
325486
861921
173435
14928
222845
415253
636362
229669
208242
415057
473621
978552
81276
310820
119791
464981
458965
195473
849955
868996
534771
512180
335347
788460
193880
229716
229833
283600
119548
406822
295382
351180
68308
371015
213176
494334
847934
732529
22791
519429
518513
567758
226599
102466
909346
276426
396889
902055
954404
353928
710977
977120
280754
513397
583474
139492
278148
56898
237382
515639
890573
846285
233730
90105
823943
277234
844246
81704
380576
104171
261662
42492
805570
402963
465389
838556
96495
721350
654779
533776
448976
10952
119946
502141
37480
404750
613805
94423
325768
45574
76989
632338
419387
86763
232850
679514
177775
539179
951185
809772
895662
346501
98826
176643
137978
858059
825839
405221
995301
781602
16330
266668
392345
610743
639824
352857
248978
860502
729317
622309
721434
775973
838675
296086
767573
757790
15033
225991
827291
510598
12279
150773
257661
964681
896495
544400
18616
346555
136251
384465
784448
178341
740741
236382
41875
753515
849172
833547
310866
148389
544458
81770
391365
842707
485484
766480
376038
965623
419874
200516
551960
12130
147136
174166
269024
654435
83406
661593
913600
441304
475692
944579
171256
558813
34323
178068
643441
699460
912987
321606
351204
85165
958109
144821
793252
183510
611149
135912
292202
777630
412995
61145
738711
233094
793205
108946
279296
696844
260255
308155
470223
66337
105630
567762
231141
886554
293947
505492
119091
297764
764053
956401
169806
64273
131018
280814
547091
955818
54982
23020
529920
642332
273537
808046
103309
82814
563191
651489
531122
917704
367041
575109
37880
434894
154230
312056
889666
231609
103121
44006
936528
911366
659297
880837
779707
352617
79664
51385
640418
113321
251714
230395
542248
975117
665391
363551
320310
814248
574841
24660
608115
436665
697761
539108
874626
466461
837499
324905
484043
369391
305724
272850
432678
526657
489688
571136
73783
148963
715138
321250
122347
83886
741893
649409
825254
439331
33166
99983
406665
167664
341413
598719
982155
555769
936503
864540
105102
456495
229254
17788
316412
332305
52430
748904
511452
885110
735664
35641
270280
36834
356743
711516
743844
548082
41135
692088
244429
910961
921255
602217
888062
675100
493476
394
155
24
0
0
0
0
0
0
0
0
0
0
0
0
0
0
0
0
0
0
0
0
0
0
0
0
0
0
0
0
0
0
0
0
0
0
0
0
0
0
0
0
0
0
0
0
0
0
0
0
0
0
0
0
0
0
0
0
0
0
0
0
0
0
0
0
0
0
0
0
0
0
0
0
0
0
0
0
0
0
0
0
0
0
0
0
0
0
0
0
0
0
0
0
0
0
0
0
0
0
0
0
0
0
0
0
0
0
0
0
0
0
0
0
0
0
0
0
0
0
0
0
0
0
0
0
0
0
0
0
0
0
0
0
0
0
0
0
0
0
0
0
0
0
0
0
0
0
0
0
0
0
0
0
0
0
0
0
0
0
0
0
0
0
0
0
0
0
0
0
0
0
0
0
0
0
0
0
0
0
0
0
0
0
0
0
0
0
0
0
0
0
0
0
0
0
0
0
0
0
0
0
0
0
0
0
0
0
0
0
0
0
0
0
0
0
0
0
0
0
0
0
0
0
0
0
0
0
0
0
0
0
0
0
0
0
0
0
0
0
0
0
0
0
0
0
0
0
0
0
0
0
0
0
0
0
0
0
0
0
0
0
0
0
0
0
0
0
0
0
0
0
0
0
0
0
0
0
0
0
0
0
0
0
0
0
0
0
0
0
0
0
0
0
0
0
0
0
0
0
0
0
0
0
0
0
0
0
0
0
0
0
0
0
0
0
0
0
0
0
0
0
0
0
0
0
0
0
0
0
0
0
0
0
0
0
0
0
0
0
0
0
0
0
0
0
0
0
0
0
0
0
0
0
0
0
0
0
0
0
0
0
0
0
0
0
0
0
0
0
0
0
0
0
0
0
0
0
0
0
0
0
0
0
0
0
0
0
0
0
0
0
0
357963
583457
119654
432177
93365
127088
266457
279856
9969
99380
286449
448650
718326
596166
226581
94309
304252
374966
160547
5535
30636
938564
434086
747061
49356
436014
129647
923442
341602
727809
424963
204924
339140
346789
3526
12432
154554
412102
324333
112679
106622
778316
185407
16017
256544
390314
21163
447872
20832
433972
648103
425670
806322
615105
397038
20350
414122
993306
109298
356118
265978
24819
615982
476702
906497
398057
830552
621857
159071
828746
920132
534340
51394
641343
298950
471756
510391
800935
546747
579538
856844
37200
383840
304257
378008
156127
900803
992193
899438
534864
611656
460907
981865
986203
933748
6966
48525
354675
240304
911437
788716
597638
688893
127162
285272
70702
703805
420238
506317
953834
561200
412827
922407
431149
205866
726104
241008
250281
511036
459755
921262
615115
409341
56329
172956
143974
548643
361430
782626
618099
89251
670773
259818
80883
247092
924914
767415
515262
501923
818594
81238
304645
614262
655649
378881
816891
590975
359099
103072
33902
149345
829092
198777
857590
21200
449440
132850
469253
155045
564115
398153
906988
288478
615177
485619
897579
489176
69957
599014
335486
881706
16389
268599
425946
41368
711311
452165
589724
177012
268477
360422
54999
24890
619512
543028
821632
769277
376583
80835
239329
443795
680473
482003
398658
14411
207676
179648
208632
577638
953177
308293
555293
407637
959166
876414
597320
308896
927458
184882
116582
706460
869525
159481
959352
233258
869687
441233
413031
90882
964570
682348
742325
290591
838750
421893
900044
625350
220598
418837
625740
708523
788635
469872
736364
66061
69088
478184
26671
711342
496267
467799
87539
368109
360249
930323
212457
188303
98281
69220
496441
640530
256787
515053
286587
527729
619990
135510
183090
457177
852379
700486
54364
955444
340170
46479
160297
220291
283484
53766
890782
218589
536510
80171
132421
355452
792072
312827
371451
536891
489137
31803
11430
130644
182952
406663
166038
798813
447049
284312
523902
890365
475850
94923
420441
676975
28617
818932
634722
440058
377515
783654
228235
551607
622571
47593
265093
554821
883664
472984
375564
609364
957297
589512
927014
361496
830339
268087
151162
375113
270809
323070
295009
130964
266667
391812
192787
807089
852592
63645
50686
569070
718117
295950
687056
894511
286012
198485
741589
198431
720156
228588
712866
371793
791081
38890
512432
593549
113097
200996
744686
506457
95622
553632
565713
203618
805584
425519
677792
135461
169813
66651
147388
248386
566062
598607
848054
936048
12529
156975
166314
890542
791071
23069
532178
40549
644221
703836
463875
431650
638128
480418
168188
517399
413752
686992
806572
18329
335952
194596
507864
227804
355054
509291
679284
865251
334983
544460
83948
752299
313069
522918
860295
373112
773611
473525
887626
900900
166958
105169
470583
405027
838113
353731
571568
272464
222187
122422
102244
863900
293867
458467
33559
126206
43052
853474
568395
950328
180175
398259
991408
637278
396323
453097
433428
176237
994709
603516
454309
238237
922293
220853
531407
220525
386635
457735
362900
847391
811968
162036
485861
132677
423317
103623
147791
367343
796893
678260
475126
406416
965207
911616
115043
349989
233215
849628
313232
625005
84193
793493
565915
432207
119297
346872
61100
733210
725992
78373
847359
757736
933195
269514
918319
496195
396342
468158
128580
647914
180723
596031
65634
12854
165225
529496
193139
942934
66298
100457
501674
568699
296005
719614
448233
344326
596277
358942
285307
90672
926444
599993
509314
702712
177883
577590
897726
753086
202840
489359
249029
885900
134762
980927
145105
875591
155420
680539
571829
570890
792844
536383
238881
229557
156808
113912
91041
993496
486791
742276
217846
212239
95720
572383
204784
281780
90557
905602
71196
773903
925399
664817
894979
123493
365619
533266
904785
592109
700716
376640
123768
433615
338374
827814
376218
101030
617126
887377
458924
157840
438629
416838
955226
923644
714714
9960
99201
250903
822773
645544
115228
392590
803052
647420
540828
437149
120687
680450
450701
267928
65936
52588
765497
870104
166726
27755
770340
718228
455384
216157
774175
346476
81501
347445
458943
175279
657956
409368
78434
856925
176015
916509
470124
973243
309131
72694
989450
53726
886483
168061
474695
997043
957298
591426
892362
740989
603851
858777
58528
425526
683750
657594
933139
164999
454866
744647
448373
469851
716630
457448
100242
458523
84911
914910
836652
201867
95580
545601
327707
17695
313113
550470
369510
393653
343861
276270
310668
25325
641355
314342
26645
709956
526348
164310
227972
431625
616546
171848
761931
718263
505661
289976
481701
107619
991914
345872
663323
910738
515016
248475
610283
78152
812767
460200
330642
949949
459970
119003
276812
610439
268585
418425
280788
532489
76693
586848
793191
86737
228339
599091
427740
572881
775125
818311
912961
274132
133909
751751
488850
751121
542040
749585
531923
769203
262735
310203
736620
443145
103962
218162
350017
252816
786387
224190
16515
272745
375390
478698
518508
562573
955767
957491
960981
66513
129011
758936
458234
819968
332622
263212
561080
278153
59680
561702
976524
116382
659868
634080
625487
391963
311138
317574
68997
465618
51757
678787
190290
850545
872291
682377
781902
485381
666481
815291
274451
308907
934254
952175
399131
391765
155959
848373
477208
94208
285212
36473
330279
710035
638527
989803
457435
88349
510578
991856
230813
735033
402599
172164
870639
98024
18769
352275
838591
155196
610961
906156
779942
719134
757634
778627
669616
708988
152810
876059
975192
811664
668452
151477
470445
275165
701333
241705
586732
657056
225857
766744
780809
72305
933045
989578
12074
145781
72230
922205
58537
426580
581869
564084
363179
49967
496701
898747
292318
845434
794077
493056
586050
152186
685742
90655
923361
192011
508485
858957
367720
74012
182808
353993
756992
806237
478038
887062
899976
502948
848587
840358
826931
915078
144090
582058
784066
579169
429281
893550
862652
139130
177287
365909
745410
585286
257285
771061
829578
4890
23912
571783
518284
330332
745047
44251
958151
225304
517252
261659
40922
674610
127086
265949
9393
88228
489212
105179
472687
94700
378155
267283
720725
48450
347402
429065
708147
255967
94595
358279
809790
924815
584292
94724
382701
431167
221388
768006
422696
578249
659424
48314
334242
48564
358462
940953
629285
862619
82196
461215
265878
971634
474792
89143
651507
554576
611861
711728
45572
76807
604347
163076
823978
334911
496228
429092
731318
250072
406463
3413
11648
135675
227836
369635
486047
18484
341658
766071
749224
990853
537124
739382
224895
333120
594752
542623
381944
147298
221864
978994
651545
604092
149891
992475
459114
332267
27176
738534
266589
350218
393563
273012
521108
970608
482051
444932
395989
188465
159317
907070
437231
192386
652634
729375
706913
509783
180669
576516
658216
751573
221258
710462
245079
229141
965990
128776
698356
369798
606574
358210
760352
609546
179138
25651
657973
431739
714970
80992
264736
365672
572025
795086
801554
538687
420875
42106
772915
397143
103739
171845
760900
443192
145620
25315
640849
665547
571177
120618
663800
543775
633474
857350
609614
262041
240976
234857
618202
216590
961555
170049
146858
92435
249261
1503
2259
5103
26040
678081
232341
442732
738095
618349
103396
100798
570302
121824
956185
756687
344565
760922
476672
877896
902240
288198
453708
987486
171024
479404
194928
637186
279072
571769
502274
171067
494114
630476
362995
916351
180532
527031
883768
656797
885569
548405
100333
476776
977054
151779
562028
342860
588862
161071
174063
233156
822112
558275
433330
91295
39809
584756
637163
249762
251514
129750
950160
860893
402382
997483
834889
254940
569894
656624
658347
924042
450093
720245
356784
740771
280827
554392
407811
101054
621976
307087
108112
98269
66861
175426
709510
893266
355196
610146
910953
906680
729868
131352
73478
104049
236259
278707
368180
412526
673976
272082
14170
200788
661115
281346
846160
22174
491686
236954
312623
243859
632637
797615
534528
252341
546438
241744
605586
662183
399661
815124
2171
4713
22212
493372
897761
815928
18570
344844
953267
479873
644829
487578
509104
488845
746232
811416
265928
998224
18741
351225
99916
393272
44043
939785
727550
48025
306400
686646
331294
381532
832746
976165
710334
63217
996389
653593
982047
343635
120896
730940
697338
948981
916773
954110
87792
412467
625301
159316
906751
858622
792331
723188
309840
511545
980249
110394
596900
102291
873514
817496
579779
136239
381195
575707
726068
188730
259274
798497
942299
164142
172792
87271
321260
128772
697326
932245
497346
539907
736759
647944
219599
979080
819939
285065
952642
288680
731763
901143
309887
540672
268435
337872
488338
250800
771097
885096
710881
840622
270710
269460
889214
427555
414651
136759
523154
107168
895045
241634
552415
219654
3239
10491
110061
523489
457793
416000
257308
782897
42356
794030
418415
272420
198212
633291
625532
448259
367635
11507
132411
352803
210872
517327
339252
422769
639968
537147
764090
12943
167521
293481
231751
168918
763486
90287
856775
918960
673891
157513
335508
896468
495990
192944
867648
193775
189012
365797
663459
91180
18825
354380
31132
969201
47707
275957
137821
814758
405634
330184
647291
373810
294962
103235
67530
265333
682124
436683
713481
248996
869465
55142
40640
651609
687493
200222
434143
796550
131709
167391
249943
341961
973208
241006
249317
29424
865771
235114
738985
637983
295382
351180
68308
371015
213176
494334
847934
732529
22791
519429
518513
567758
226599
102466
909346
276426
396889
902055
954404
353928
710977
977120
280754
513397
583474
139492
278148
56898
237382
515639
890573
846285
233730
90105
823943
277234
844246
81704
380576
104171
261662
42492
805570
402963
465389
838556
96495
721350
654779
533776
448976
10952
119946
502141
37480
404750
613805
94423
325768
45574
76989
632338
419387
86763
232850
679514
177775
539179
951185
809772
895662
346501
98826
176643
137978
858059
825839
405221
995301
781602
16330
266668
392345
610743
639824
352857
248978
860502
729317
622309
721434
775973
838675
296086
767573
757790
15033
225991
827291
510598
12279
150773
257661
964681
896495
544400
18616
346555
136251
384465
784448
178341
740741
236382
41875
753515
849172
833547
310866
148389
544458
81770
391365
842707
485484
766480
376038
965623
419874
200516
551960
12130
147136
174166
269024
654435
83406
661593
913600
441304
475692
944579
171256
558813
34323
178068
643441
699460
912987
321606
351204
85165
958109
144821
793252
183510
611149
135912
292202
777630
412995
61145
738711
233094
793205
108946
279296
696844
260255
308155
470223
66337
105630
567762
231141
886554
293947
505492
119091
297764
764053
956401
169806
64273
131018
280814
547091
955818
54982
23020
529920
642332
273537
808046
103309
82814
563191
651489
531122
917704
367041
575109
37880
434894
154230
312056
889666
231609
103121
44006
936528
911366
659297
880837
779707
352617
79664
51385
640418
113321
251714
230395
542248
975117
665391
363551
320310
814248
574841
24660
608115
436665
697761
539108
874626
466461
837499
324905
484043
369391
305724
272850
432678
526657
489688
571136
73783
148963
715138
321250
122347
83886
741893
649409
825254
439331
33166
99983
406665
167664
341413
598719
982155
555769
936503
864540
105102
456495
229254
17788
316412
332305
52430
748904
511452
885110
735664
35641
270280
36834
356743
711516
743844
548082
41135
692088
244429
910961
921255
602217
888062
675100
493476
394
155
24
0
0
0
0
0
0
0
0
0
0
0
0
0
0
0
0
0
0
0
0
0
0
0
0
0
0
0
0
0
0
0
0
0
0
0
0
0
0
0
0
0
0
0
0
0
0
0
0
0
0
0
0
0
0
0
0
0
0
0
0
0
0
0
0
0
0
0
0
0
0
0
0
0
0
0
0
0
0
0
0
0
0
0
0
0
0
0
0
0
0
0
0
0
0
0
0
0
0
0
0
0
0
0
0
0
0
0
0
0
0
0
0
0
0
0
0
0
0
0
0
0
0
0
0
0
0
0
0
0
0
0
0
0
0
0
0
0
0
0
0
0
0
0
0
0
0
0
0
0
0
0
0
0
0
0
0
0
0
0
0
0
0
0
0
0
0
0
0
0
0
0
0
0
0
0
0
0
0
0
0
0
0
0
0
0
0
0
0
0
0
0
0
0
0
0
0
0
0
0
0
0
0
0
0
0
0
0
0
0
0
0
0
0
0
0
0
0
0
0
0
0
0
0
0
0
0
0
0
0
0
0
0
0
0
0
0
0
0
0
0
0
0
0
0
0
0
0
0
0
0
0
0
0
0
0
0
0
0
0
0
0
0
0
0
0
0
0
0
0
0
0
0
0
0
0
0
0
0
0
0
0
0
0
0
0
0
0
0
0
0
0
0
0
0
0
0
0
0
0
0
0
0
0
0
0
0
0
0
0
0
0
0
0
0
0
0
0
0
0
0
0
0
0
0
0
0
0
0
0
0
0
0
0
0
0
0
0
0
0
0
0
358457
937369
487313
250758
750032
202252
251165
954315
184052
810367
859645
255151
677523
770882
553571
498174
364198
791164
170216
203682
831651
153651
133793
720697
8090
65448
283440
28822
830707
879352
165826
728458
370080
815220
158684
705775
197111
198040
565135
549988
839089
990680
194318
399746
883074
430608
739655
628672
91492
75818
453401
709003
174080
239075
322280
785183
332020
863098
908815
310983
221145
660470
428924
587171
172399
951611
620363
598162
315492
750954
291194
189567
575909
958694
266151
116878
775564
204096
471
221
48
2
0
0
0
0
0
0
0
0
0
0
0
0
0
0
0
0
0
0
0
0
0
0
0
0
0
0
0
0
0
0
0
0
0
0
0
0
0
0
0
0
0
0
0
0
0
0
0
0
0
0
0
0
0
0
0
0
0
0
0
0
0
0
0
0
0
0
0
0
0
0
0
0
0
0
0
0
0
0
0
0
0
0
0
0
0
0
0
0
0
0
0
0
0
0
0
0
0
0
0
0
0
0
0
0
0
0
0
0
0
0
0
0
0
0
0
0
0
0
0
0
0
0
0
0
0
0
0
0
0
0
0
0
0
0
0
0
0
0
0
0
0
0
0
0
0
0
0
0
0
0
0
0
0
0
0
0
0
0
0
0
0
0
0
0
0
0
0
0
0
0
0
0
0
0
0
0
0
0
0
0
0
0
0
0
0
0
0
0
0
0
0
0
0
0
0
0
0
0
0
0
0
0
0
0
0
0
0
0
0
0
0
0
0
0
0
0
0
0
0
0
0
0
0
0
0
0
0
0
0
0
0
0
0
0
0
0
0
0
0
0
0
0
0
0
0
0
0
0
0
0
0
0
0
0
0
0
0
0
0
0
0
0
0
0
0
0
0
0
0
0
0
0
0
0
0
0
0
0
0
0
0
0
0
0
0
0
0
0
0
0
0
0
0
0
0
0
0
0
0
0
0
0
0
0
0
0
0
0
0
0
0
0
0
0
0
0
0
0
0
0
0
0
0
0
0
0
0
0
0
0
0
0
0
0
0
0
0
0
0
0
0
0
0
0
0
0
0
0
0
0
0
0
0
0
0
0
0
0
0
0
0
0
0
0
0
0
0
0
0
0
0
0
0
0
0
0
0
0
0
0
0
0
0
0
0
0
0
0
0
0
0
0
0
0
0
0
0
0
0
0
0
0
0
0
0
0
0
0
0
0
0
0
0
0
0
0
0
0
0
0
0
0
0
0
0
0
0
0
0
0
0
0
0
0
0
0
0
0
0
0
0
0
0
0
0
0
0
0
0
0
0
0
0
0
0
0
0
0
0
0
0
0
0
0
0
0
0
0
0
0
0
0
0
0
0
0
0
0
0
0
0
0
0
0
0
0
0
0
0
0
0
0
0
0
0
0
0
0
0
0
0
0
0
0
0
0
0
0
0
0
0
0
0
0
0
0
0
0
0
0
0
0
0
0
0
0
0
0
0
0
0
0
0
0
0
0
0
0
0
0
0
0
0
0
0
0
0
0
0
0
0
0
0
0
0
0
0
0
0
0
0
0
0
0
0
0
0
0
0
0
0
0
0
0
0
0
0
0
0
0
0
0
0
0
0
0
0
0
0
0
0
0
0
0
0
0
0
0
0
0
0
0
0
0
0
0
0
0
0
0
0
0
0
0
0
0
0
0
0
0
0
0
0
0
0
0
0
0
0
0
0
0
0
0
0
0
0
0
0
0
0
0
0
0
0
0
0
0
0
0
0
0
0
0
0
0
0
0
0
0
0
0
0
0
0
0
0
0
0
0
0
0
0
0
0
0
0
0
0
0
0
0
0
0
0
0
0
0
0
0
0
0
0
0
0
0
0
0
0
0
0
0
0
0
0
0
0
0
0
0
0
0
0
0
0
0
0
0
0
0
0
0
0
0
0
0
0
0
0
0
0
0
0
0
0
0
0
0
0
0
0
0
0
0
0
0
0
0
0
0
0
0
0
0
0
0
0
0
0
0
0
0
0
0
0
0
0
0
0
0
0
0
0
0
0
0
0
0
0
0
0
0
0
0
0
0
0
0
0
0
0
0
0
0
0
0
0
0
0
0
0
0
0
0
0
0
0
0
0
0
0
0
0
0
0
0
0
0
0
0
0
0
0
0
0
0
0
0
0
0
0
0
0
0
0
0
0
0
0
0
0
0
0
0
0
0
0
0
0
0
0
0
0
0
0
0
0
0
0
0
0
0
0
0
0
0
0
0
0
0
0
0
0
0
0
0
0
0
0
0
0
0
0
0
0
0
0
0
0
0
0
0
0
0
0
0
0
0
0
0
0
0
0
0
0
0
0
0
0
0
0
0
0
0
0
0
0
0
358704
114508
227180
71144
766501
408230
442975
953322
584736
613773
55140
40419
633695
137394
697242
815102
966306
739382
224895
333120
594752
542623
381944
147298
221864
978994
651545
604092
149891
992475
459114
332267
27176
738534
266589
350218
393563
273012
521108
970608
482051
444932
395989
188465
159317
907070
437231
192386
652634
729375
706913
509783
180669
576516
658216
751573
221258
710462
245079
229141
965990
128776
698356
369798
606574
859797
516506
490475
47557
261668
45632
82279
474866
159418
939262
744808
688175
138428
982442
119609
421410
492728
262713
298643
288295
509628
22660
513475
663570
238480
38135
454278
210071
180152
389972
754305
40349
628041
593473
22883
523631
606484
750622
792671
262089
266134
107829
37158
380716
210751
466311
697583
290737
923624
677768
102928
4238
17960
322561
966383
888199
918448
733138
620415
662682
60768
692749
159807
63440
24633
606784
114602
248716
730106
478826
641071
950133
809585
592843
570471
314614
197721
438888
644115
567272
969942
189645
605487
542287
17414
303247
764429
236143
223908
890152
96600
741625
251826
286792
645272
59093
491982
528119
31771
9396
88284
499097
284679
732721
9151
83740
717420
590348
618410
178838
918259
386001
967883
494631
141657
886836
499075
262719
301796
886512
219478
925952
688614
742838
52480
754150
806539
965096
697353
969902
112051
965492
166898
85138
953511
945127
206815
117738
977334
699007
279481
800218
398720
63848
76567
567538
271801
861339
170498
299764
959109
767072
283900
289798
378502
529843
560730
885520
461622
641473
465716
143027
276853
633139
433034
834851
191490
308681
794679
154520
401593
363147
26724
714172
235504
922526
650696
498489
678147
321852
509494
886098
485617
895636
299927
56859
232945
723765
144732
767482
618100
90487
892929
753249
448372
468954
874522
284549
658722
122976
238194
901806
505242
866408
338512
921224
545100
781266
491206
765165
361924
139962
409492
179973
325509
876893
142187
37273
389276
211948
972281
437537
460065
206406
948731
442345
395570
856802
965226
948295
615242
565596
71255
782307
118886
248979
861000
586625
531506
325753
35801
281711
51676
670408
770287
636575
500804
696543
135813
265301
665143
33578
127482
366758
367444
871106
911419
755905
161718
382907
588882
184626
21988
483472
816940
671032
607346
796943
757952
260583
478990
798153
393051
165233
532140
105
11
0
0
0
0
0
0
0
0
0
0
0
0
0
0
0
0
0
0
0
0
0
0
0
0
0
0
0
0
0
0
0
0
0
0
0
0
0
0
0
0
0
0
0
0
0
0
0
0
0
0
0
0
0
0
0
0
0
0
0
0
0
0
0
0
0
0
0
0
0
0
0
0
0
0
0
0
0
0
0
0
0
0
0
0
0
0
0
0
0
0
0
0
0
0
0
0
0
0
0
0
0
0
0
0
0
0
0
0
0
0
0
0
0
0
0
0
0
0
0
0
0
0
0
0
0
0
0
0
0
0
0
0
0
0
0
0
0
0
0
0
0
0
0
0
0
0
0
0
0
0
0
0
0
0
0
0
0
0
0
0
0
0
0
0
0
0
0
0
0
0
0
0
0
0
0
0
0
0
0
0
0
0
0
0
0
0
0
0
0
0
0
0
0
0
0
0
0
0
0
0
0
0
0
0
0
0
0
0
0
0
0
0
0
0
0
0
0
0
0
0
0
0
0
0
0
0
0
0
0
0
0
0
0
0
0
0
0
0
0
0
0
0
0
0
0
0
0
0
0
0
0
0
0
0
0
0
0
0
0
0
0
0
0
0
0
0
0
0
0
0
0
0
0
0
0
0
0
0
0
0
0
0
0
0
0
0
0
0
0
0
0
0
0
0
0
0
0
0
0
0
0
0
0
0
0
0
0
0
0
0
0
0
0
0
0
0
0
0
0
0
0
0
0
0
0
0
0
0
0
0
0
0
0
0
0
0
0
0
0
0
0
0
0
0
0
0
0
0
0
0
0
0
0
0
0
0
0
0
0
0
0
0
0
0
0
0
0
0
0
0
0
0
0
0
0
0
0
0
0
0
0
0
0
0
0
0
0
0
0
0
0
0
0
0
0
0
0
0
0
0
0
0
0
0
0
0
0
0
0
0
0
0
0
0
0
0
0
0
0
0
0
0
0
0
0
0
0
0
0
0
0
0
0
0
0
0
0
0
0
0
0
0
0
0
0
0
0
0
0
0
0
0
0
0
0
0
0
0
0
0
0
0
0
0
0
0
0
0
0
0
0
0
0
0
0
0
0
0
0
0
0
0
0
0
0
0
0
0
0
0
0
0
0
0
0
0
0
0
0
0
0
0
0
0
0
0
0
0
0
0
0
0
0
0
0
0
0
0
0
0
0
0
0
0
0
0
0
0
0
0
0
0
0
0
0
0
0
0
0
0
0
0
0
0
0
0
0
0
0
0
0
0
0
0
0
0
0
0
0
0
0
0
0
0
0
0
0
0
0
0
0
0
0
0
0
0
0
0
0
0
0
0
0
0
0
0
0
0
0
0
0
0
0
0
0
0
0
0
0
0
0
0
0
0
0
0
0
0
0
0
0
0
0
0
0
0
0
0
0
0
0
0
0
0
0
0
0
0
0
0
0
0
0
0
0
0
0
0
0
0
0
0
0
0
0
0
0
0
0
0
0
0
0
0
0
0
0
0
358951
291768
524187
189071
388104
300859
321824
491471
25575
654080
618884
765316
593027
788671
526655
487582
513005
181124
741132
815794
94886
413418
410718
185550
69064
474868
161318
253693
230596
634907
674940
277470
975156
741451
288738
765254
498132
322353
832241
135347
138941
124732
673169
184936
136553
466852
202425
321174
73523
110664
656586
608445
838130
382227
68591
409757
397074
48938
394927
348512
201529
959232
3028
9168
84052
769771
136872
554075
56427
184006
793436
475460
723912
62573
915380
401921
626700
910866
748181
429060
703857
493437
961904
841336
471628
389638
493915
433858
549170
939978
90344
867071
192842
828298
177776
539535
335207
694583
409206
240793
146694
44293
961869
774004
81737
385969
943180
530282
26125
682515
970257
800808
343325
907938
12658
160224
196893
112147
987015
536001
829230
427625
474514
825236
409622
286458
453807
77330
684961
20136
405458
187432
771016
760185
355616
908687
78343
842658
402901
415425
779238
621471
974114
5279
27867
776569
763990
860135
97843
983318
546647
470199
43767
915550
713179
818145
641310
256622
430341
509782
179649
208992
727983
678270
488692
596669
826577
329736
351647
396528
615632
45637
82735
550112
975501
414428
246842
801430
339917
874417
100911
593095
869328
111894
930332
229203
994407
2803
7856
61716
808864
425941
37109
377077
453143
475115
395963
167874
411876
138114
895607
247981
365034
105834
610900
831622
105416
522598
525729
513074
251924
336159
333723
996858
588426
647773
998031
928431
990662
158654
696255
734687
894075
506188
823220
381302
657294
538672
404714
584664
529576
277865
194514
475957
196766
62153
862995
731027
824530
244888
135557
195831
990042
930618
761435
257641
954375
298573
246490
627777
261937
186482
415797
88453
528965
631096
145169
894169
674283
685998
441820
931384
187728
882063
646055
775235
988851
868724
62111
857776
340258
106356
721664
107886
49454
445698
78211
821993
362626
648596
64943
217593
102073
828962
278197
84159
787769
104706
373411
996821
514660
881910
376167
62658
926024
821956
301800
888926
210418
326061
236560
126058
5717
32684
68243
362139
295636
501298
191581
343541
56301
169802
62915
958297
505106
729000
160022
132204
298028
921342
762523
620740
66058
68692
423623
362786
764662
592421
70290
645716
337324
118331
117323
879784
925773
357155
5642
31832
13276
176252
999996
559587
899965
483149
504722
341226
471066
859844
597329
319648
390596
241379
429246
863502
606361
601442
955226
923644
714714
9960
99201
250903
822773
645544
115228
392590
803052
647420
540828
437149
120687
680450
450701
267928
65936
52588
765497
870104
166726
27755
770340
718228
455384
216157
774175
346476
81501
347445
458943
175279
657956
409368
78434
856925
176015
916509
470124
973243
309131
72694
989450
53726
886483
168061
474695
997043
957298
591426
892362
740989
603851
858777
58528
425526
683750
657594
933139
164999
454866
744647
448373
469851
716630
457448
100242
458523
84911
914910
836652
201867
95580
545601
327707
17695
313113
550470
369510
393653
343861
276270
310668
25325
641355
314342
26645
709956
526348
164310
227972
431625
616546
171848
761931
718263
505661
289976
481701
107619
991914
345872
663323
910738
515016
248475
610283
78152
812767
460200
330642
949949
459970
119003
276812
610439
268585
418425
280788
532489
76693
586848
793191
86737
228339
599091
427740
572881
775125
818311
912961
274132
133909
751751
488850
751121
542040
749585
531923
769203
262735
310203
736620
443145
103962
218162
350017
252816
786387
224190
16515
272745
375390
478698
518508
562573
955767
957491
960981
66513
129011
758936
458234
819968
332622
263212
561080
278153
59680
561702
976524
116382
659868
634080
625487
391963
311138
317574
68997
465618
51757
678787
190290
850545
872291
682377
781902
485381
666481
815291
274451
308907
934254
952175
399131
391765
155959
848373
477208
94208
285212
36473
330279
710035
638527
989803
457435
88349
510578
991856
230813
735033
402599
172164
870639
98024
18769
352275
838591
155196
610961
906156
779942
719134
757634
778627
669616
708988
152810
876059
975192
811664
668452
151477
470445
275165
701333
241705
586732
657056
225857
766744
780809
72305
933045
989578
12074
145781
72230
922205
58537
426580
581869
564084
363179
49967
496701
898747
292318
845434
794077
493056
586050
152186
685742
90655
923361
192011
508485
858957
367720
74012
182808
353993
756992
806237
478038
887062
899976
502948
848587
840358
826931
915078
144090
582058
784066
579169
429281
893550
862652
139130
177287
365909
745410
585286
257285
771061
829578
4890
23912
571783
518284
330332
745047
44251
958151
225304
517252
261659
40922
674610
127086
265949
9393
88228
489212
105179
472687
94700
378155
267283
720725
48450
347402
429065
708147
255967
94595
358279
809790
924815
584292
94724
382701
431167
221388
768006
422696
578249
659424
48314
334242
48564
358462
940953
629285
862619
82196
461215
265878
971634
474792
89143
651507
554576
611861
711728
45572
76807
604347
163076
823978
334911
496228
429092
731318
250072
406463
3413
11648
135675
227836
369635
486047
18484
341658
766071
749224
990853
537124
739382
224895
333120
594752
542623
381944
147298
221864
978994
651545
604092
149891
992475
459114
332267
27176
738534
266589
350218
393563
273012
521108
970608
482051
444932
395989
188465
159317
907070
437231
192386
652634
729375
706913
509783
180669
576516
658216
751573
221258
710462
245079
229141
965990
128776
698356
369798
606574
859797
516506
490475
47557
261668
45632
82279
474866
159418
939262
744808
688175
138428
982442
119609
421410
492728
262713
298643
288295
509628
22660
513475
663570
238480
38135
454278
210071
180152
389972
754305
40349
628041
593473
22883
523631
606484
750622
792671
262089
266134
107829
37158
380716
210751
466311
697583
290737
923624
677768
102928
4238
17960
322561
966383
888199
918448
733138
620415
662682
60768
692749
159807
63440
24633
606784
114602
248716
730106
478826
641071
950133
809585
592843
570471
314614
197721
438888
644115
567272
969942
189645
605487
542287
17414
303247
764429
236143
223908
890152
96600
741625
251826
286792
645272
59093
491982
528119
31771
9396
88284
499097
284679
732721
9151
83740
717420
590348
618410
178838
918259
386001
967883
494631
141657
886836
499075
262719
301796
886512
219478
925952
688614
742838
52480
754150
806539
965096
697353
969902
112051
965492
166898
85138
953511
945127
206815
117738
977334
699007
279481
800218
398720
63848
76567
567538
271801
861339
170498
299764
959109
767072
283900
289798
378502
529843
560730
885520
461622
641473
465716
143027
276853
633139
433034
834851
191490
308681
794679
154520
401593
363147
26724
714172
235504
922526
650696
498489
678147
321852
509494
886098
485617
895636
299927
56859
232945
723765
144732
767482
618100
90487
892929
753249
448372
468954
874522
284549
658722
122976
238194
901806
505242
866408
338512
921224
545100
781266
491206
765165
361924
139962
409492
359198
174184
275294
772342
806678
189333
487246
185463
36786
353209
202546
370176
886284
815280
256514
374922
127552
384610
895964
887572
805040
844307
184706
51535
655856
650363
65236
255735
975880
154001
241471
473668
23074
532409
286469
460109
246894
827105
202880
505588
216155
773311
9448
89264
673094
83966
755321
574129
206594
26375
695640
878672
265337
684246
41153
693569
1620
2624
6885
47403
247044
901195
403609
986434
389427
329532
217156
207055
217067
168409
591787
319502
297280
476052
287207
883482
151363
435921
48557
357782
453907
168101
488142
59410
529548
248210
478661
483086
443849
728406
294323
726682
80719
220589
414866
315106
507543
196826
85768
61182
743237
645424
255279
742858
82194
460886
962507
1756
3083
9504
90326
863818
152194
688177
141180
751923
747482
383591
113167
216835
67744
294282
702549
948825
620715
35021
226470
44020
937760
220489
370758
22541
508096
463507
90374
872492
33078
94154
275041
633107
392514
743384
863957
392355
618590
401498
286854
680838
978881
430305
478799
615215
532374
249201
971596
400949
846310
276044
185845
178625
842119
494806
19841
393665
353309
273197
622156
531031
821048
104920
418271
151937
610015
751112
528520
160516
290549
814342
727929
599651
99036
218194
363981
633149
445697
77320
683415
199594
183059
445826
192326
629551
197470
339695
723543
823430
727099
391978
322897
183257
518356
404970
791943
108490
180145
387449
87839
420722
913342
969953
210984
564575
917350
12399
153735
159613
1473
2169
4704
22127
489604
488875
775564
204096
471
221
48
2
0
0
0
0
0
0
0
0
0
0
0
0
0
0
0
0
0
0
0
0
0
0
0
0
0
0
0
0
0
0
0
0
0
0
0
0
0
0
0
0
0
0
0
0
0
0
0
0
0
0
0
0
0
0
0
0
0
0
0
0
0
0
0
0
0
0
0
0
0
0
0
0
0
0
0
0
0
0
0
0
0
0
0
0
0
0
0
0
0
0
0
0
0
0
0
0
0
0
0
0
0
0
0
0
0
0
0
0
0
0
0
0
0
0
0
0
0
0
0
0
0
0
0
0
0
0
0
0
0
0
0
0
0
0
0
0
0
0
0
0
0
0
0
0
0
0
0
0
0
0
0
0
0
0
0
0
0
0
0
0
0
0
0
0
0
0
0
0
0
0
0
0
0
0
0
0
0
0
0
0
0
0
0
0
0
0
0
0
0
0
0
0
0
0
0
0
0
0
0
0
0
0
0
0
0
0
0
0
0
0
0
0
0
0
0
0
0
0
0
0
0
0
0
0
0
0
0
0
0
0
0
0
0
0
0
0
0
0
0
0
0
0
0
0
0
0
0
0
0
0
0
0
0
0
0
0
0
0
0
0
0
0
0
0
0
0
0
0
0
0
0
0
0
0
0
0
0
0
0
0
0
0
0
0
0
0
0
0
0
0
0
0
0
0
0
0
0
0
0
0
0
0
0
0
0
0
0
0
0
0
0
0
0
0
0
0
0
0
0
0
0
0
0
0
0
0
0
0
0
0
0
0
0
0
0
0
0
0
0
0
0
0
0
0
0
0
0
0
0
0
0
0
0
0
0
0
0
0
0
0
0
0
0
0
0
0
0
0
0
0
0
0
0
0
0
0
0
0
0
0
0
0
0
0
0
0
0
0
0
0
0
0
0
0
0
0
0
0
0
0
0
0
0
0
0
0
0
0
0
0
0
0
0
0
0
0
0
0
0
0
0
0
0
0
0
0
0
0
0
0
0
0
0
0
0
0
0
0
0
0
0
0
0
0
0
0
0
0
0
0
0
0
0
0
0
0
0
0
0
0
0
0
0
0
0
0
0
0
0
0
0
0
0
0
0
0
0
0
0
0
0
0
0
0
0
0
0
0
0
0
0
0
0
0
0
0
0
0
0
0
0
0
0
0
0
0
0
0
0
0
0
0
0
0
0
0
0
0
0
0
0
0
0
0
0
0
0
0
0
0
0
0
0
0
0
0
0
0
0
0
0
0
0
0
0
0
0
0
0
0
0
0
0
0
0
0
0
0
0
0
0
0
0
0
0
0
0
0
0
0
0
0
0
0
0
0
0
0
0
0
0
0
0
0
0
0
0
0
0
0
0
0
0
0
0
0
0
0
0
0
0
0
0
0
0
0
0
0
0
0
0
0
0
0
0
0
0
0
0
0
0
0
0
0
0
0
0
0
0
0
0
0
0
0
0
0
0
0
0
0
0
0
0
0
0
0
0
0
0
0
0
0
0
0
0
0
0
0
0
0
0
0
0
0
0
0
0
0
0
0
0
0
0
0
0
0
0
0
0
0
0
0
0
0
0
0
0
0
0
0
0
0
0
0
0
0
0
0
0
0
0
0
0
0
0
0
0
0
0
0
0
0
0
0
0
0
0
0
0
0
0
0
0
0
0
0
0
0
0
0
0
0
0
0
0
0
0
0
0
0
0
0
0
0
0
0
0
0
0
0
0
0
0
0
0
0
0
0
0
0
0
0
0
0
0
0
0
0
0
0
0
0
359445
351689
426068
145314
936289
463763
327755
49157
416410
598596
834885
248261
503981
593777
383807
278925
489744
625984
13944
194435
445230
661257
469123
33057
92765
15410
237468
556476
427893
703793
403347
775012
643146
319916
561999
310263
773848
840272
682397
809197
964755
39274
542447
190971
110184
550579
489524
410545
43472
889814
494972
184144
844241
73262
72353
939989
111024
736393
108771
241195
340453
239095
331844
746257
848728
79679
53775
891750
649112
439593
263444
683264
993225
948389
793530
624635
621826
120517
639445
868014
829027
90999
985850
237613
625362
235607
971050
340264
110440
607059
448409
502135
31455
989417
988423
22450
504002
614945
200230
437347
293837
440836
62850
950122
788682
544006
884751
100284
466946
290202
612822
888648
716252
915819
205818
706343
704227
14428
208167
383826
293510
248774
758960
494663
173314
267938
71295
788009
482893
257415
837972
117403
898562
254783
489867
746476
175637
783584
118529
164221
198733
840099
391693
99550
320267
786703
426319
359263
220884
545101
782356
195554
881628
173817
147578
304429
482702
72986
31988
23232
539725
540266
124541
625558
480787
522872
812188
519351
437488
417189
247969
359082
90863
961117
327919
156688
76292
525501
273394
729835
83182
624277
174716
460909
983708
313787
973000
836194
435703
858543
656675
725326
111796
908411
576824
13445
180768
612298
246686
724440
827303
530453
207510
110727
670533
937905
492460
998683
935321
947011
476636
843577
952551
115308
411032
443580
489688
571136
73783
148963
715138
321250
122347
83886
741893
649409
825254
439331
33166
99983
406665
167664
341413
598719
982155
555769
936503
864540
105102
456495
229254
17788
316412
332305
52430
748904
511452
885110
735664
35641
270280
36834
356743
711516
743844
548082
41135
692088
244429
910961
921255
602217
888062
675100
493476
394
155
24
0
0
0
0
0
0
0
0
0
0
0
0
0
0
0
0
0
0
0
0
0
0
0
0
0
0
0
0
0
0
0
0
0
0
0
0
0
0
0
0
0
0
0
0
0
0
0
0
0
0
0
0
0
0
0
0
0
0
0
0
0
0
0
0
0
0
0
0
0
0
0
0
0
0
0
0
0
0
0
0
0
0
0
0
0
0
0
0
0
0
0
0
0
0
0
0
0
0
0
0
0
0
0
0
0
0
0
0
0
0
0
0
0
0
0
0
0
0
0
0
0
0
0
0
0
0
0
0
0
0
0
0
0
0
0
0
0
0
0
0
0
0
0
0
0
0
0
0
0
0
0
0
0
0
0
0
0
0
0
0
0
0
0
0
0
0
0
0
0
0
0
0
0
0
0
0
0
0
0
0
0
0
0
0
0
0
0
0
0
0
0
0
0
0
0
0
0
0
0
0
0
0
0
0
0
0
0
0
0
0
0
0
0
0
0
0
0
0
0
0
0
0
0
0
0
0
0
0
0
0
0
0
0
0
0
0
0
0
0
0
0
0
0
0
0
0
0
0
0
0
0
0
0
0
0
0
0
0
0
0
0
0
0
0
0
0
0
0
0
0
0
0
0
0
0
0
0
0
0
0
0
0
0
0
0
0
0
0
0
0
0
0
0
0
0
0
0
0
0
0
0
0
0
0
0
0
0
0
0
0
0
0
0
0
0
0
0
0
0
0
0
0
0
0
0
0
0
0
0
0
0
0
0
0
0
0
0
0
0
0
0
0
0
0
0
0
0
0
0
0
0
0
0
0
0
0
0
0
0
0
0
0
0
0
0
0
0
0
0
0
0
0
0
0
0
0
0
0
0
0
0
0
0
0
0
0
0
0
0
0
0
0
0
0
0
0
0
0
0
0
0
0
0
0
0
0
0
0
0
0
0
0
0
0
0
0
0
0
0
0
0
0
0
0
0
0
0
0
0
0
0
0
0
0
0
0
0
0
0
0
0
0
0
0
0
0
0
0
0
0
0
0
0
0
0
0
0
0
0
0
0
0
0
0
0
0
0
0
0
0
0
0
0
0
0
0
0
0
0
0
0
0
0
0
0
0
0
0
0
0
0
0
0
0
0
0
0
0
0
0
0
0
0
0
0
0
0
0
0
0
0
0
0
0
0
0
0
0
0
0
0
0
0
0
0
0
0
0
0
0
0
0
0
0
0
0
0
0
0
0
0
0
0
0
0
0
0
0
0
0
0
0
0
0
0
0
0
0
0
0
0
0
0
0
0
0
0
0
0
0
0
0
0
0
0
0
0
0
0
0
0
0
0
0
0
0
0
0
0
0
0
0
0
0
0
0
0
0
0
0
0
0
0
0
0
0
0
0
0
0
0
0
0
0
0
0
0
0
0
0
0
0
0
0
0
0
0
0
0
0
0
0
0
0
0
0
0
0
0
0
0
0
0
0
0
0
0
0
0
0
0
0
0
0
0
0
0
0
0
0
0
0
0
0
0
0
0
0
0
0
0
0
0
0
0
0
0
0
0
0
0
0
0
0
0
0
0
0
0
0
0
0
0
0
0
0
0
0
0
0
0
0
0
0
0
0
0
0
0
0
0
0
0
0
0
0
0
0
0
0
0
0
0
0
0
0
0
0
0
0
0
0
359692
529315
1494
2232
4981
24810
615536
927445
160768
76546
564322
631739
957172
350203
383056
703011
303227
752300
314574
172553
4734
22410
502208
104772
387237
923606
644518
86591
203033
567693
152795
871475
554431
451055
587150
147738
351680
419738
86329
157728
403285
725001
640439
140219
481498
207057
217895
233590
24680
609102
638058
391085
623621
356095
249597
169120
831770
351598
362069
244941
161518
318260
505179
802751
164073
150145
68684
422524
432871
693708
194452
451841
296826
206328
916537
521449
326119
274387
273781
941591
830348
283033
798267
575043
256937
592112
704269
73585
119784
463304
197198
232345
444591
92661
291093
130756
212229
91475
72708
991485
789961
268123
170466
288853
831676
195234
756576
176593
120316
591037
432384
272329
148640
619013
925004
933908
305791
313822
994967
116853
769721
59898
587770
876189
202985
548204
174882
518942
12827
164531
300646
193704
161501
312769
335166
667097
636775
755474
805281
232394
467363
679808
577416
696755
136225
377381
682498
947052
554293
298051
935052
443881
756813
535266
41849
751338
868074
933192
263915
931650
388328
474780
77749
749939
62755
938190
27147
736959
942688
897402
171465
630442
320124
695127
165208
523879
866266
92473
256288
259029
671513
253110
935129
587885
11389
129709
939522
233292
885549
512983
158553
664217
97558
927628
500247
138957
129178
802053
338887
175249
647440
566725
349645
992541
590125
355164
587415
458998
225766
725646
576107
186793
531886
729842
93400
133625
675771
399911
15017
225510
610119
878006
95390
509317
705768
187230
695334
453034
376342
194347
411018
432071
1755
3080
9486
89984
802152
497704
896135
194021
284410
579636
970443
161778
402317
945178
8254
68128
346457
68335
374704
964134
841434
636539
454972
841090
57751
335178
675141
548836
573244
191169
185848
179740
241696
582381
160180
182795
349240
709493
869143
790277
767478
611960
832886
209354
879424
292458
927303
897394
157106
207458
89148
652398
421388
474187
515011
243325
372480
302396
249027
884904
371041
232470
502693
592149
748087
288411
576526
669746
883105
485360
646095
826921
898540
215247
381598
883112
497723
915048
89186
659175
719983
979444
532842
452755
123627
398733
74215
212898
375885
850579
930129
851530
548835
572146
933530
894867
923030
580856
386243
154766
477678
543004
795567
566658
273709
902172
165498
619784
880117
511820
261674
48772
378707
685071
170839
416160
390453
129689
934334
101662
745227
312500
166969
108843
256864
554605
644028
455204
52251
730167
567903
391270
768357
961959
947149
738030
522401
319865
529370
59722
566717
340578
29257
855972
543624
469277
177570
466333
718102
274406
284208
464775
267435
802002
257080
665616
663027
518138
179014
981241
761225
937882
449317
22303
497423
616505
121292
826847
776161
130476
139084
164489
286827
665349
307660
165395
585702
744416
104399
309216
125254
803662
627515
933051
774
599
358
128
16
0
0
0
0
0
0
0
0
0
0
0
0
0
0
0
0
0
0
0
0
0
0
0
0
0
0
0
0
0
0
0
0
0
0
0
0
0
0
0
0
0
0
0
0
0
0
0
0
0
0
0
0
0
0
0
0
0
0
0
0
0
0
0
0
0
0
0
0
0
0
0
0
0
0
0
0
0
0
0
0
0
0
0
0
0
0
0
0
0
0
0
0
0
0
0
0
0
0
0
0
0
0
0
0
0
0
0
0
0
0
0
0
0
0
0
0
0
0
0
0
0
0
0
0
0
0
0
0
0
0
0
0
0
0
0
0
0
0
0
0
0
0
0
0
0
0
0
0
0
0
0
0
0
0
0
0
0
0
0
0
0
0
0
0
0
0
0
0
0
0
0
0
0
0
0
0
0
0
0
0
0
0
0
0
0
0
0
0
0
0
0
0
0
0
0
0
0
0
0
0
0
0
0
0
0
0
0
0
0
0
0
0
0
0
0
0
0
0
0
0
0
0
0
0
0
0
0
0
0
0
0
0
0
0
0
0
0
0
0
0
0
0
0
0
0
0
0
0
0
0
0
0
0
0
0
0
0
0
0
0
0
0
0
0
0
0
0
0
0
0
0
0
0
0
0
0
0
0
0
0
0
0
0
0
0
0
0
0
0
0
0
0
0
0
0
0
0
0
0
0
0
0
0
0
0
0
0
0
0
0
0
0
0
0
0
0
0
0
0
0
0
0
0
0
0
0
0
0
0
0
0
0
0
0
0
0
0
0
0
0
0
0
0
0
0
0
0
0
0
0
0
0
0
0
0
0
0
0
0
0
0
0
0
0
0
0
0
0
0
0
0
0
0
0
0
0
0
0
0
0
0
0
0
0
0
0
0
0
0
0
0
0
0
0
0
0
0
0
0
0
0
0
0
0
0
0
0
0
0
0
0
0
0
0
0
0
0
0
0
0
0
0
0
0
0
0
0
0
0
0
0
0
0
0
0
0
0
0
0
0
0
0
0
0
0
0
0
0
0
0
0
0
0
0
0
0
0
0
0
0
0
0
0
0
0
0
0
0
0
0
0
0
0
0
0
0
0
0
0
0
0
0
0
0
0
0
0
0
0
0
0
0
0
0
0
0
0
0
0
0
0
0
0
0
0
0
0
0
0
0
0
0
0
0
0
0
0
0
0
0
0
0
0
0
0
0
0
0
0
0
0
0
0
0
0
0
0
0
0
0
0
0
0
0
0
0
0
0
0
0
0
0
0
0
0
0
0
0
0
0
0
0
0
0
0
0
0
0
0
0
0
0
0
0
0
0
0
0
0
359939
707064
723293
461721
732884
248045
396779
814752
395857
83941
751124
546547
360879
384633
913656
543630
475800
47340
241075
282580
542045
755005
96866
793087
921764
540314
176409
55364
65172
247389
71775
856683
761322
85570
27257
742944
209973
138987
137516
730781
464925
406890
350714
741225
953654
217852
214853
212138
52858
793968
319959
589513
928193
548786
518363
412227
427374
259909
128178
544697
342078
53241
834604
779134
459401
595881
886847
518586
643467
732919
299348
709879
417021
107822
35649
270851
345820
627355
732272
646337
139689
333147
612741
789378
347368
405443
175269
654451
104349
298779
369544
418781
578834
41350
709822
336098
292715
77692
741079
737237
352514
7035
49491
449359
60047
605642
730012
341575
709363
684692
651699
804791
443459
382356
167222
193393
41114
690360
150527
183541
622527
992809
122199
47693
274622
402798
332438
140841
656318
256587
412379
552715
551193
166012
790180
614174
547547
454973
842000
294396
769658
962917
791180
195534
873806
327714
22283
496532
730891
625709
669728
858995
433002
807138
931689
460998
65758
29147
849547
175599
770237
559549
857438
760516
858968
386617
443816
699113
427682
523266
224367
95910
608793
261729
77560
720586
848107
25945
673143
149932
4768
22733
516789
782898
43922
929142
16429
269912
133011
512056
208342
456716
431074
141199
757288
254464
327417
122676
164499
290117
563495
994002
197497
350359
492344
884445
558910
142742
195409
824938
917871
673582
741144
833582
369216
176468
76183
508882
262852
371697
719706
580650
146973
126226
48101
313706
922173
294484
821480
519524
617214
995999
171529
652394
416168
397112
79117
964532
609043
566188
741271
21848
477335
215435
462566
513906
106371
724855
428760
446511
803577
490900
464641
142894
238826
203283
669272
248411
578482
928942
939780
718152
346219
903478
228710
768656
421526
590509
808528
882497
411874
136467
443372
305202
953947
776779
90193
839809
904519
110835
694462
241132
310066
651643
731804
961149
389431
332648
280509
375887
852083
195965
42542
809821
975023
482078
470964
763757
504170
784318
974401
269536
930178
942685
891746
641978
113859
78969
941135
971825
845992
737892
318724
800740
234420
413128
171019
477694
558290
450078
706743
269461
889753
386418
289982
485181
472368
88195
483390
737658
973445
702362
686107
591380
837953
85560
25546
652598
682387
795549
538018
700559
156640
61253
751930
758009
346993
145057
861664
730473
14859
220789
503142
43768
915637
872493
34823
212641
266521
313966
85368
992728
961371
816231
513114
292971
227628
274898
554466
489867
746476
175637
783584
118529
164221
198733
840099
391693
99550
320267
786703
426319
359263
220884
545101
782356
195554
881628
173817
147578
304429
482702
72986
31988
23232
539725
540266
124541
625558
480787
522872
812188
519351
437488
417189
247969
359082
90863
961117
327919
156688
76292
525501
273394
729835
83182
624277
174716
460909
983708
313787
973000
836194
435703
858543
656675
725326
111796
908411
576824
13445
180768
612298
246686
724440
827303
530453
207510
110727
670533
937905
492460
998683
935321
947011
476636
843577
952551
115308
411032
443580
489688
571136
73783
148963
715138
321250
122347
83886
741893
649409
825254
439331
33166
99983
406665
167664
341413
598719
982155
555769
936503
864540
105102
456495
229254
17788
316412
332305
52430
748904
511452
885110
735664
35641
270280
36834
356743
711516
743844
548082
41135
692088
244429
910961
921255
602217
888062
675100
493476
394
155
24
0
0
0
0
0
0
0
0
0
0
0
0
0
0
0
0
0
0
0
0
0
0
0
0
0
0
0
0
0
0
0
0
0
0
0
0
0
0
0
0
0
0
0
0
0
0
0
0
0
0
0
0
0
0
0
0
0
0
0
0
0
0
0
0
0
0
0
0
0
0
0
0
0
0
0
0
0
0
0
0
0
0
0
0
0
0
0
0
0
0
0
0
0
0
0
0
0
0
0
0
0
0
0
0
0
0
0
0
0
0
0
0
0
0
0
0
0
0
0
0
0
0
0
0
0
0
0
0
0
0
0
0
0
0
0
0
0
0
0
0
0
0
0
0
0
0
0
0
0
0
0
0
0
0
0
0
0
0
0
0
0
0
0
0
0
0
0
0
0
0
0
0
0
0
0
0
0
0
0
0
0
0
0
0
0
0
0
0
0
0
0
0
0
0
0
0
0
0
0
0
0
0
0
0
0
0
0
0
0
0
0
0
0
0
0
0
0
0
0
0
0
0
0
0
0
0
0
0
0
0
0
0
0
0
0
0
0
0
0
0
0
0
0
0
0
0
0
0
0
0
0
0
0
0
0
0
0
0
0
0
0
0
0
0
0
0
0
0
0
0
0
0
0
0
0
0
0
0
0
0
0
0
0
0
0
0
0
0
0
0
0
0
0
0
0
0
0
0
0
0
0
0
0
0
0
0
0
0
0
0
0
0
0
0
0
0
0
0
0
0
0
0
0
0
0
0
0
0
0
0
0
0
0
0
0
0
0
0
0
0
0
0
0
0
0
0
0
0
0
0
0
0
0
0
0
0
0
0
0
0
0
0
0
0
0
0
0
0
0
0
0
0
0
0
0
0
0
0
0
0
0
0
0
0
0
0
0
0
0
0
0
0
0
0
0
0
0
0
0
0
0
0
0
0
0
0
0
0
0
0
0
0
0
0
0
0
0
0
0
0
0
0
0
0
0
0
0
0
0
0
0
0
0
0
0
0
0
0
0
0
0
0
0
0
0
0
0
0
0
0
0
0
0
0
0
0
0
0
0
0
0
0
0
0
0
0
0
0
0
0
0
0
0
0
0
0
0
0
0
0
0
0
0
0
0
0
0
0
0
0
0
0
0
0
0
0
0
360185
884215
152118
665049
203508
760800
291022
89425
701863
985399
348580
248932
837598
490740
307579
115560
469211
115630
485395
680072
936424
716579
384355
699877
201543
964875
270829
333903
117031
811353
163694
25921
671898
475356
625027
111694
885615
629880
611823
665228
146660
34319
177793
545579
303701
39984
598720
983352
613514
737273
405597
300169
202082
182429
215568
519889
996599
72121
906471
350920
885762
890272
310251
766402
256473
353890
684080
108978
286269
345561
448287
392738
919281
263966
958572
32245
39740
579267
542808
582748
292815
136245
382830
529920
642332
273537
808046
103309
82814
563191
651489
531122
917704
367041
575109
37880
434894
154230
312056
889666
231609
103121
44006
936528
911366
659297
880837
779707
352617
79664
51385
640418
113321
251714
230395
542248
975117
665391
363551
320310
814248
574841
24660
608115
436665
697761
539108
874626
466461
837499
324905
484043
369391
305724
272850
432678
526657
489688
571136
73783
148963
715138
321250
122347
83886
741893
649409
825254
439331
33166
99983
406665
167664
341413
598719
982155
555769
936503
864540
105102
456495
229254
17788
316412
332305
52430
748904
511452
885110
735664
35641
270280
36834
356743
711516
743844
548082
41135
692088
244429
910961
921255
602217
888062
675100
493476
394
155
24
0
0
0
0
0
0
0
0
0
0
0
0
0
0
0
0
0
0
0
0
0
0
0
0
0
0
0
0
0
0
0
0
0
0
0
0
0
0
0
0
0
0
0
0
0
0
0
0
0
0
0
0
0
0
0
0
0
0
0
0
0
0
0
0
0
0
0
0
0
0
0
0
0
0
0
0
0
0
0
0
0
0
0
0
0
0
0
0
0
0
0
0
0
0
0
0
0
0
0
0
0
0
0
0
0
0
0
0
0
0
0
0
0
0
0
0
0
0
0
0
0
0
0
0
0
0
0
0
0
0
0
0
0
0
0
0
0
0
0
0
0
0
0
0
0
0
0
0
0
0
0
0
0
0
0
0
0
0
0
0
0
0
0
0
0
0
0
0
0
0
0
0
0
0
0
0
0
0
0
0
0
0
0
0
0
0
0
0
0
0
0
0
0
0
0
0
0
0
0
0
0
0
0
0
0
0
0
0
0
0
0
0
0
0
0
0
0
0
0
0
0
0
0
0
0
0
0
0
0
0
0
0
0
0
0
0
0
0
0
0
0
0
0
0
0
0
0
0
0
0
0
0
0
0
0
0
0
0
0
0
0
0
0
0
0
0
0
0
0
0
0
0
0
0
0
0
0
0
0
0
0
0
0
0
0
0
0
0
0
0
0
0
0
0
0
0
0
0
0
0
0
0
0
0
0
0
0
0
0
0
0
0
0
0
0
0
0
0
0
0
0
0
0
0
0
0
0
0
0
0
0
0
0
0
0
0
0
0
0
0
0
0
0
0
0
0
0
0
0
0
0
0
0
0
0
0
0
0
0
0
0
0
0
0
0
0
0
0
0
0
0
0
0
0
0
0
0
0
0
0
0
0
0
0
0
0
0
0
0
0
0
0
0
0
0
0
0
0
0
0
0
0
0
0
0
0
0
0
0
0
0
0
0
0
0
0
0
0
0
0
0
0
0
0
0
0
0
0
0
0
0
0
0
0
0
0
0
0
0
0
0
0
0
0
0
0
0
0
0
0
0
0
0
0
0
0
0
0
0
0
0
0
0
0
0
0
0
0
0
0
0
0
0
0
0
0
0
0
0
0
0
0
0
0
0
0
0
0
0
0
0
0
0
0
0
0
0
0
0
0
0
0
0
0
0
0
0
0
0
0
0
0
0
0
0
0
0
0
0
0
0
0
0
0
0
0
0
0
0
0
0
0
0
0
0
0
0
0
0
0
0
0
0
0
0
0
0
0
0
0
0
0
0
0
0
0
0
0
0
0
0
0
0
0
0
0
0
0
0
0
0
0
0
0
0
0
0
0
0
0
0
0
0
0
0
0
0
0
0
0
0
0
0
0
0
0
0
0
0
0
0
0
0
0
0
0
0
0
0
0
0
0
0
0
0
0
0
0
0
0
0
0
0
0
0
0
0
0
0
0
0
0
0
0
0
0
0
0
0
0
0
0
0
0
0
0
0
0
0
0
0
0
0
0
0
0
0
0
0
0
0
0
0
0
0
0
0
0
0
0
0
0
0
0
0
0
0
0
0
0
0
0
0
0
0
0
0
0
0
0
0
0
0
0
0
0
0
0
0
0
0
0
0
0
0
0
0
0
0
0
0
0
0
0
0
0
0
0
0
0
0
0
0
0
0
0
0
0
0
0
0
0
0
0
0
0
0
0
0
0
0
0
0
0
0
0
0
0
0
0
0
0
0
0
0
0
0
0
0
0
0
0
0
0
0
0
0
0
0
0
0
0
0
0
0
0
0
0
0
0
0
0
0
0
0
0
0
0
0
0
0
0
0
0
0
0
0
0
0
0
0
0
0
0
0
0
0
0
0
0
0
