356482
525364
129425
865928
506991
636803
791134
122748
182169
120773
701215
76204
512082
234969
670823
326898
783087
339893
858101
897918
97850
984687
240846
172220
889924
690743
384522
828280
147958
416733
867701
285748
47540
260051
202013
154546
409629
292193
772370
849930
826499
200796
664327
243698
554140
128461
617326
134268
848026
888558
556304
236495
95310
494061
578103
490596
166266
874578
382499
276596
490903
467586
888302
101428
697704
459567
748429
800219
400320
342312
213388
584765
647688
887917
417583
576870
66515
129277
827640
88169
478805
620961
340474
253394
78977
942399
352612
76138
502027
923005
534705
441595
732615
148793
664520
500166
57924
355189
605174
163350
913418
108787
244676
31770
9332
87086
289004
918933
624268
163479
955579
598158
310707
49559
456094
863306
267907
54683
990230
302909
559549
857438
760516
858968
386617
443816
699113
427682
523266
224367
95910
608793
261729
77560
720586
848107
25945
673143
149932
4768
22733
516789
782898
43922
929142
16429
269912
133011
512056
208342
456716
431074
141199
757288
254464
327417
122676
164499
290117
563495
994002
197497
350359
492344
884445
558910
142742
195409
824938
917871
673582
741144
833582
369216
176468
76183
508882
262852
371697
719706
580650
146973
126226
48101
313706
922173
294484
821480
519524
617214
995999
171529
652394
416168
397112
79117
964532
609043
566188
741271
21848
477335
215435
462566
513906
106371
724855
428760
446511
803577
490900
464641
142894
238826
203283
669272
248411
578482
928942
939780
718152
346219
903478
228710
768656
421526
590509
808528
882497
411874
136467
443372
305202
953947
776779
90193
839809
904519
110835
694462
241132
310066
651643
731804
961149
389431
332648
280509
375887
852083
195965
42542
809821
975023
482078
470964
763757
504170
784318
974401
269536
930178
942685
891746
641978
113859
78969
941135
971825
845992
737892
318724
800740
234420
413128
171019
477694
558290
450078
706743
269461
889753
386418
289982
485181
472368
88195
483390
737658
973445
702362
686107
591380
837953
85560
25546
652598
682387
795549
538018
700559
156640
61253
751930
758009
346993
145057
861664
730473
14859
220789
503142
43768
915637
872493
34823
212641
266521
313966
85368
992728
961371
816231
513114
292971
227628
274898
554466
489867
746476
175637
783584
118529
164221
198733
840099
391693
99550
320267
786703
426319
359263
220884
545101
782356
195554
881628
173817
147578
304429
482702
72986
31988
23232
539725
540266
124541
625558
480787
522872
812188
519351
437488
417189
247969
359082
90863
961117
327919
156688
76292
525501
273394
729835
83182
624277
174716
460909
983708
313787
973000
836194
435703
858543
656675
725326
111796
908411
576824
13445
180768
612298
246686
724440
827303
530453
207510
110727
670533
937905
492460
998683
935321
947011
476636
843577
952551
115308
411032
443580
489688
571136
73783
148963
715138
321250
122347
83886
741893
649409
825254
439331
33166
99983
406665
167664
341413
598719
982155
555769
936503
864540
105102
456495
229254
17788
316412
332305
52430
748904
511452
885110
735664
35641
270280
36834
356743
711516
743844
548082
41135
692088
244429
910961
921255
602217
888062
675100
493476
394
155
24
0
0
0
0
0
0
0
0
0
0
0
0
0
0
0
0
0
0
0
0
0
0
0
0
0
0
0
0
0
0
0
0
0
0
0
0
0
0
0
0
0
0
0
0
0
0
0
0
0
0
0
0
0
0
0
0
0
0
0
0
0
0
0
0
0
0
0
0
0
0
0
0
0
0
0
0
0
0
0
0
0
0
0
0
0
0
0
0
0
0
0
0
0
0
0
0
0
0
0
0
0
0
0
0
0
0
0
0
0
0
0
0
0
0
0
0
0
0
0
0
0
0
0
0
0
0
0
0
0
0
0
0
0
0
0
0
0
0
0
0
0
0
0
0
0
0
0
0
0
0
0
0
0
0
0
0
0
0
0
0
0
0
0
0
0
0
0
0
0
0
0
0
0
0
0
0
0
0
0
0
0
0
0
0
0
0
0
0
0
0
0
0
0
0
0
0
0
0
0
0
0
0
0
0
0
0
0
0
0
0
0
0
0
0
0
0
0
0
0
0
0
0
0
0
0
0
0
0
0
0
0
0
0
0
0
0
0
0
0
0
0
0
0
0
0
0
0
0
0
0
0
0
0
0
0
0
0
0
0
0
0
0
0
0
0
0
0
0
0
0
0
0
0
0
0
0
0
0
0
0
0
0
0
0
0
0
0
0
0
0
0
0
0
0
0
0
0
0
0
0
0
0
0
0
0
0
0
0
0
0
0
0
0
0
0
0
0
0
0
0
0
0
0
0
0
0
0
0
0
0
0
0
0
0
0
0
0
0
0
0
0
0
0
0
0
0
0
0
0
0
0
0
0
0
0
0
0
0
0
0
0
0
0
0
0
0
0
0
0
0
0
0
0
0
0
0
0
0
0
0
0
0
0
0
0
0
0
0
0
0
0
0
0
0
0
0
0
0
0
0
0
0
0
0
0
0
0
0
0
0
0
0
0
0
0
0
0
0
0
0
0
0
0
0
0
0
0
0
0
0
0
0
0
0
0
0
0
0
0
0
0
0
0
0
0
0
0
0
0
0
0
0
0
0
0
0
0
0
0
0
0
0
0
0
0
0
0
0
0
0
0
0
0
0
0
0
0
0
0
0
0
0
0
0
0
0
0
0
0
0
0
0
0
0
0
0
0
0
0
0
0
0
0
0
0
0
0
0
0
0
0
0
0
0
0
0
0
0
0
0
0
0
0
0
0
0
0
0
0
0
0
0
0
0
0
0
0
0
0
0
0
0
0
0
0
0
0
0
0
0
0
0
0
0
0
0
0
0
0
0
0
0
0
0
0
0
0
0
0
0
0
0
0
0
0
0
0
0
0
0
0
0
0
0
0
0
0
0
0
0
0
0
0
0
0
0
0
0
0
0
0
0
0
0
0
0
0
0
0
0
0
0
0
0
0
0
0
0
0
0
0
0
0
0
0
0
0
0
0
0
0
0
0
0
0
0
0
0
0
0
0
0
0
0
0
0
0
0
0
0
0
0
0
0
0
0
0
0
0
0
0
0
0
0
0
0
0
0
0
0
0
0
0
0
0
0
0
0
0
0
0
0
0
0
0
0
0
0
0
0
0
0
0
0
0
0
0
0
0
0
0
0
0
0
0
0
0
0
0
0
0
0
0
0
0
0
0
0
0
0
0
0
0
0
0
0
0
0
0
0
0
0
0
0
0
0
0
0
0
0
0
0
0
0
0
0
0
0
0
0
0
0
0
0
0
0
0
0
0
0
0
0
0
0
0
0
0
0
0
0
0
0
0
0
0
0
0
0
0
0
0
0
0
0
0
0
0
0
0
0
0
0
0
0
0
0
0
0
0
0
0
0
0
0
0
0
0
0
0
0
0
0
0
0
0
0
0
0
0
0
0
0
0
0
0
0
0
0
0
0
0
0
0
0
0
0
0
0
0
0
0
0
0
0
0
0
0
0
0
0
0
0
0
0
0
0
0
0
0
0
0
0
0
0
0
0
0
0
0
0
0
0
0
0
0
0
0
0
0
0
0
0
0
0
0
0
0
0
0
0
0
0
0
0
0
0
0
0
0
0
0
0
0
0
0
0
0
0
0
0
0
0
0
0
0
0
0
0
0
0
0
0
0
0
0
0
0
0
0
0
0
0
0
0
0
0
0
0
0
0
0
0
0
0
0
0
0
0
0
0
0
0
0
0
0
0
0
0
0
0
0
0
0
0
0
0
0
0
0
0
0
0
0
0
0
0
0
0
0
0
0
0
0
0
0
0
0
0
0
0
0
0
0
0
0
0
0
0
0
0
0
0
0
0
0
0
0
0
0
0
0
0
0
0
0
0
0
0
0
0
0
0
0
0
0
0
0
0
0
0
0
0
0
0
0
0
0
0
0
0
0
0
0
0
0
0
0
0
0
0
0
0
0
0
0
0
0
0
0
0
0
0
0
0
0
0
0
0
0
0
0
0
0
0
0
0
0
0
0
0
0
0
0
0
0
0
0
0
0
0
0
0
0
0
0
0
0
0
0
0
0
0
0
0
0
0
0
0
0
0
0
0
0
0
0
0
0
0
0
0
0
0
0
0
0
0
0
0
0
0
0
0
0
0
0
0
0
0
