8316793329533922329
2676694963899675743
7332732545159862966
4134953627207353126
16548355950127655074
9142330914870291965
1996384845490512032
6849812382163075965
8059397348135800125
8794149876837733123
8394131525335173932
12087245894169104166
1795495080799162747
10913156156513452544
2166413878290014761
5509381445649127271
12228358260740615583
10689317823245328388
9612228805134839863
11712958429845283991
4367118773502561670
3556190138396720102
3610013670748477666
16840385464951886640
5901499738660425949
7897606110912456417
14285240767346537684
11834440617329552337
6787260484550399618
5426827059561666762
16176337293237964855
10349663117249995615
3084656463631555972
10028141319478194540
6105184815222191142
10184013062249977260
2040877563022833094
11958708682038583899
11421338684789981102
12885708638462923145
9587888916718346713
5555173236494762485
3266162097729653580
1457854781476743246
15016720353568170540
791752170965354908
17864167437123945263
2410812034758262235
16025790003348899644
10223503716563002487
8402586339916148596
7898945990137283509
2298057339057986338
142257053086658127
17841676527201830865
16020226351267053641
13450303052023687235
16953137130858114482
1664365881021690073
16161771741731705444
16294942160556221849
8513997762946332003
12321102098839366032
6173033851006620918
8288416640782660476
16124855641861878161
5036847706393644988
13324614227810949972
5995503990452311805
1880436422734923033
10100925739171949894
14265470008966827495
6328543032553342559
13716690941442810789
8954564497295861757
17845039370917069983
10895579866311251505
12098460153521365228
14737950349386136979
4656758382673409202
13523857416325528886
6070059956396365747
1837595544126109871
5234361002150239759
8245644791206628518
14449305109901110176
8855438282042645774
11463392294609424146
2590202787703337528
12259335243361656272
2405277205967216139
6167781995234652060
17473777579270769206
17485887253845622748
869820308621159404
4795712718786199828
5142430366297761171
1850315064119673167
11635942339730960065
1414208473234103998
13140450526602455487
2497194069979104704
11039057212823187846
5767030217752902774
3827429706710614650
12446019731971777188
18207278230121453463
8627389649743515871
17878890377813276061
226633098015662702
762711022091857503
9623407820056137252
2896102056076828182
4486768548417992421
1477142151615114951
17091905863052626961
15486366321741951089
9217742341024077542
10317948145714058386
9241148447641170816
15638697870634642493
3582100456573507772
8240617773537428130
1557302980308484200
3095229554201184664
12620438980285030456
1991819670738894887
10267488523904158949
13538540627426954320
831721619732535514
1281294447113215918
9762555055697336203
10933507135546111583
1643349376680825
9141314452674747156
846401314959513064
17108017670860086123
16505102938587745489
13727045952231420412
16761919598000294150
85353477710266207
6186513841845240585
1359565062025700794
10516878583881502711
6816639901112547945
3254152902960928364
1187486392119377831
1801548816851326097
4399395236239613367
2148145976379791984
845347142047220698
2374232040332154230
7645963669904388005
6083023032830517223
5440402056335169105
5973593395695152104
4913640273694364694
17354174208610958361
3343406534218825688
5316975086579122900
3987277562220227060
18334414159548723940
12250498599954028212
17280166828363188954
15598392240745272949
14547519450022586100
13997702304082215604
5027756924001977168
1246738595398770165
11524955107144724248
4518126670877637545
17756716752010490690
9735806658377217768
12837801951153588113
6682782029706927103
5387222995802721478
16022015451556402192
11870295913455895730
17116885879553308338
17690058997096203292
5070975749873585822
1536030003349255285
5238732441092631702
11875781163929375683
7024190303649975515
10674783058387735483
7744788012823086311
15127692716631951475
16784485492632227429
3912211813634388307
14369576026225623477
1468106104374334833
15262885525745937055
11164371462348941097
16603661599507984815
12803377985117277018
15548206934256105600
2887959616573843633
12476240380350726218
8502484479803560376
12000570830469882681
16901579705421748111
5344904981150296185
12780971846690045078
6958090511279851329
8595280897321773665
18328582027507251870
10453112653171589994
749450740294130492
7411321626306067497
16843720990225214584
5707419031957564730
9436321682981105386
4041518854622990383
1945748579089465986
10714200987494880485
16188325435198033948
640638441132636540
5040326396948422010
3497400668004069593
14200769223306872262
5447418976617250215
10637499507217217922
8524330912221511
8488615062908093772
8903837225561572431
9690016618594753254
14469249807839954008
5113183538319530212
4186517886536735409
9466916119402414907
5713636343090084971
9799346334055020647
5927436538289786379
8071418489515808810
8479556517849210347
16364833780504066094
12001892365499725600
16726041475880241604
2918801136104463589
15572902104670642806
8582692357813540842
1120262574483790853
8972898140188542236
2325799517763749584
2460505647070239055
13202809717408362562
5821252985278263129
158118712556907667
14443067745721442434
5156167747468741206
6601768539845751318
4225435432707172582
1701640484950253660
18443044970002083744
16536638486147029079
7274444767877617753
6922165097142681629
18294141327752923872
17784053524518528198
10396620384148362810
14581309588801708112
8860415433562891959
7950914596597247750
16289411036140578868
5608410128960144184
11907919461157850050
16674011591521924590
7880989318362173734
3618730826661462106
1620817039404121535
12467622087489397753
10533937862199280340
4460187445313180667
13425518723943863240
4470569813135374532
7923955825395146164
11334454907232463245
17887200233434272824
14510252157631777764
9867745866371413172
7858148342067393770
618887817653705526
15802710630561050649
12822342511025048398
10282042010426660895
5772979955598196054
8075624893670039424
16620372593223698389
3885615495124055026
12738734265945200674
16182446990397348667
11117394448500040510
3095294700970884236
7775156944478492519
10484147833612453445
9284481021178725018
2227944771933000405
18207558908938045161
2981519386019095068
7374243091363813559
14741917199281628845
4256670219227823707
563705216167444659
636000699416467630
12365876265727706193
15419338014361279592
11790961462949614463
388033697325296358
13862273397775236396
9653467773066262006
2119790693592654192
10035439525751607625
6877692446378060826
1281623906635876044
6821495083867018909
12895318190032230211
4524822729564717696
17861131312697969891
16958806554221832859
16249213907535477
8356559243518912495
10963254768740928039
660210084452002466
4353254736156339467
15072734611906444422
5001254399890538512
8044973270609794466
14354718940133924203
9100771070618305008
1596140814768628593
16057946809403708850
18308284310573407168
11662942127985578823
7159084488037796162
8831926599135371429
4117779160584952428
10658658833381758137
15337897387356903560
9202168469848618613
1465742554914371653
6819866722376320227
15924582482899288499
18191667129579938394
10923159786651199206
10528775617050323066
1148264652939332301
13386136700611174329
5415804361193956945
2834805155924728705
6233660982937631456
11815921225603769305
15033386620908547405
3829894724431515622
205221182023450934
13047171687598358593
16567409798104738597
8374165893687884363
18438855226348905574
9429924740400481112
13553055460197538405
3171460720011216836
14412469103600443827
16463389300870847226
13091872966327770994
8857256716945825044
7790016367912570913
13122599207818773263
12811579868148879302
18360794944171292951
1666723119941930716
7092935229489170592
7134936251897727088
3301874630852419532
3427190549607550817
9041689355105446986
3921153944050599407
5405322796739708614
814951671377583753
16216413926833158928
2130708440235164957
5449657150580774072
5667916269260356186
6318894147308910714
5994322241258311732
9068483341193130439
15820863038595724579
13547609354589315532
14115386467820842315
14522470068385680315
14900521600818215871
11664492156082730043
12673152159609719852
10689776811067949241
11810143395137213563
2025768084674050203
16375754618837824700
9400639533825308880
13006257782472602879
13737647091152352955
167426541907722300
5783777262790441919
6250096922701329662
13870233484551305851
4398616392942401035
12541216519778108737
3125025454495304245
16112466415101609121
13900197236513656727
15652685857119896863
13836746020786299525
7965688192147632693
12342091297733669430
17316040071783313697
11982618599684144944
9917970865011680692
12277714571675307590
15331625771682690456
16003706502974016113
5940603629514020239
17027516863460902190
38115418984453189
15164961616846847808
1151435374757328309
3825375550064753787
10678834447205202352
8403079379031805748
13255221606191492473
6247921892511998696
4514068658887838612
9677368143258533191
3008363780601540745
18370842864120487791
9757462189989509034
9071321730692725205
16048006586351165904
2038789186026648375
840833398369123450
9554135993580625179
7639401770604495114
3532784561082234710
5262500740962750141
5313108465034756604
1267354111248746266
11149679176444084706
13594643696015234388
8569369930604652544
5620363334774929119
6300397543520773435
12991625116918444924
12114807076978730640
15329253519544387119
1948505455349292186
5690659773047303176
16737354670534055547
16840053981845569357
12590474167107525271
7703440108073353956
17896479515650016832
17873931694702751582
11887041663100697838
1551819631781840222
10851396713755986943
16727626410449412147
8140692287747417304
13127063689592379419
2798357823897217997
10870034824641288711
5914074890841760923
7651339255717478836
4315744874518523493
7251179220931213451
5180190391321699531
1479278285518679394
9826064730189441554
18041186640407371072
4989527667355050533
7542992798625312867
6487841872127763977
17425788889468153910
2913635230052299090
4490554339606124329
17115511652402896591
15282263370713737786
1545407117245018430
14240534837572128214
17891662725214737416
6705737792242118733
1928170168985494030
8467686360178848770
8978136175291914748
10373276771346193447
8070116489475496170
17968766818453122579
13936374737712312761
15751934847084726247
12054154478776294273
18214753804822499035
16718218135506530177
5506999215199009457
756344161310586406
4343414844676065405
12406560825526092908
9303700203458834942
14809750541404079175
13500495731422413010
5975398439130820232
6282173548359546017
15471515563944124399
17486077635953204895
15736898255133433374
11900897343144211915
7410051951078650562
1998886825622018777
1639558684803717127
16793975380953699901
13600727371374698390
6758512070666202340
13314991743500197490
86526676557510438
3174402426392419749
14403033869966502557
14892109607242587992
4661701014681130633
2099856736934414034
2647079330268723707
3099286883769799073
11205021040555523366
8323454491475102120
26810767393594713
2558582777966911141
8342736701250751723
11283634250446495072
13055547067338794277
4225237329869056688
1322079284725291308
2225233617278395088
17672832184930755688
12013439205660868460
17536947403534685290
14964660681948325146
4459345845505786221
6386737696580968643
9198346153734518363
14460150762819807523
8454710724085344043
3162974097002187299
8743791434114319918
2156616341942225604
11817459165119475235
5726752136517550781
2987575995778520291
11763224255298961789
1305674290013770659
16722918352458560212
12463735091367799242
16768710004523385487
1403624101082786021
15955531780385182384
10347029204094067593
14318253256136384234
8679118211582570225
8316092277809432899
16436659367618028405
10793877298766572434
15709706350397243659
12724149450408662191
17480783814723436481
9864027893341946144
3470375005704374265
13696427582142849825
6689026299273224476
9666097358817855308
2774721312517813748
15964529474717500245
7174629174752067104
7727031972095864533
15016031051583941546
4945546141404665546
12860867363197629283
11935786566579696147
4261057952917494555
2539609675944345860
5190438921434198284
11885354064541284915
11792118358334954025
8436315427054023930
10796947086718354909
16326447263152365788
2081545634025841010
8717680191154030460
9590295334441291280
1461557709643082647
3466902920406414397
4819483689586943385
10782100023644623049
4982243007849542783
12511126436538265796
13624703825688686193
15024345746798762698
7552882839032266024
9669376002707402140
18241980771565465987
13899532441755725934
12139975314893097588
7150552305197637704
7586251720680390774
11775248717876392234
8455166850406373754
8772019432089500631
199029587198626277
2190723670159000482
17441030192700012402
16402402357756297676
11290102245628547557
6208791187141061487
5251271960714763703
10538992911265970
16563563771089082532
16733526824304545259
12998271504969100521
18313420946843813473
1059626340261531939
12184459578037784762
4273178061074488665
2849269948577877595
834003789995548802
15646995677446140855
13060404341914115091
17856365674557324732
533744483289151347
12604830651994067234
8405501075298431306
1777518012557336945
16613804305378997448
3121303227683029518
1317089276090865016
7360708656942596292
7696984946361624297
7391701504565736382
17631337044016620089
887043372946102422
11746772378751203110
2412217986035740002
11525409286795767737
17164514378277603001
4930273665887339766
8446663152184316892
2512887537221531610
7408013937752283494
16257100367277464470
4590348480237962156
10611560242228238000
1422284771450379506
6537714574465088087
17863492838011981677
1562225576416645855
18320401266198640420
5379335944473499846
17104813623613642778
6241473397014685568
12451721644183776033
5017397452388547798
11390983784272635757
4872129217329805179
9071852076768419735
17236163512997035100
14315604800371607600
6048897160465953815
3091299954018458443
11976208653237634731
13585863495875378035
12208330088545195377
823858595131884657
17767319660414937484
14109244901121769055
9853445204404419321
18392364200022433664
14623805493262351604
2893856553345476987
5980710066803390822
12179715629545120607
5444241595344095083
4933083320560846446
17493328843461887393
14887299019164861054
8876627163835198707
2032412534174192008
7064210202156805553
13601856842247980939
4623018905983883664
6477312072128337473
3535693448450602061
3214720981991405508
9711116626315861538
4181049273475106748
7870918326126120091
17527136184043010429
11488643539054997933
16749214959551843180
1645323115145192542
652192928304775251
17178782117955830901
1518378655657486325
13187375767438212868
2985303442137029594
16891275289178128237
7368607824914185352
13846149909367970578
13481944187571633970
9458679747731500533
17880900432398234741
5923115885963188497
5283802624866126588
13285241336919099607
14864773580950725631
14107678326775220798
1554706443494423837
18262830123107481149
11610582043305927005
12060097524187220353
6734523353147572174
5402148993624377350
2539086772283757269
11373622925393117201
16001360837761753743
7474131750853572083
17418612154568744757
6232919506132931631
6451655568343496453
15649234656336812356
12047216804056214942
8773298210161406620
11616241961987745585
13103622669432778740
9500816555582478396
18048172686322644474
9342126262689678203
929091850358384065
7700553552531548665
6974183081936025618
502422118533767048
8793452414374458828
6207482397279822452
1813141982728667461
10814426718297437368
800938806253699604
12606527948148779353
11890794882571322250
12561737506353862437
5776756583307155220
2388475694388407888
3447673834377797821
15473066273668733180
12423986285511244884
14096094573814842705
17309463495930577364
9863597804775098796
13005002659781857372
1802201687001877551
13853047729315456776
10356813489118839045
15765462453381862520
573883335877316496
15798328584697246451
15212314821263716315
11789422525738038834
9117010467560937507
13881550251169512758
6102867531243775750
640777809036028849
15986876043333264427
5965861802015404485
10648796428129305113
16101274902173911032
11669415354823769167
18134900565240986337
15335157838675658464
6578324664819494372
7354594094726196437
3271740829416501847
3771898328128423734
513857312415426896
14171930017677844663
13515704307046759451
13592838905136232412
11185066671219386281
16093013483959812517
16029707953297173912
719029315478618412
1729425755606637289
16105004593011776266
13650872666935527142
14373159912407279416
8867799571716127221
13458442484459718753
16713765621600356615
3059152061464099311
13846502891952169056
1703094618246038177
16066815931808947021
16264462567367966416
7617332097221462583
9205226847772330498
7874221675742513397
5185890502161025094
4975543788346035495
12396938775627037980
13597846892722628758
3281587960482013026
2049090708039694656
2154033281484738706
6867074730593627654
8060693341996816697
14580907634974166481
8644400027650511976
15925747309043130817
6533359526950355492
8874141620247623551
6567513223183818848
11143113133427277701
10180685308781633876
9319414061930295743
3958037216003146945
7133441766117963591
9393055770080049012
14036746634090568479
17494613755094287796
8027119037832535575
17175504128638136005
13968325137572336617
5490736026018145506
5767583232947114010
13705026647435109776
1494812079108470209
18211466381997410956
5935408378206518254
10846688603110416484
6749956030972063798
10323017036489934351
9690153158921557722
4408911695282461628
13570189385461618399
1618015660971083594
77973216399261062
1510505305268364496
10563195495379025729
17981287373292885651
2760976933253349054
12802733976861485533
16637561784420624614
7403611208884175914
8539208092714275478
7511596721148497443
4146677951332653249
5198217819359085982
17772901736686981781
9693885822530153625
4478873925458316928
5213212356021108085
8551391171601286541
16549743836811143653
11107318755021342352
17185899702772249821
13339436796622314374
8927168380638349394
3117666122626189797
6333333866335135605
17871286550739262105
373129427917367813
5201861222462985084
17520322061324420057
1011066214155287094
6552725058901383811
7612252140311793282
6631776440706250467
8940349749159973388
13790430128646791162
4504351686009930542
13925752467069407918
11595760202343500474
7794752786002028643
18381818055184533483
17769102949201278856
10262391316934919963
12599234639927454517
13853252768951598517
17549627305309357174
7021771218033532493
15108895801343095427
479090792288271825
13849778049245072588
17587524770152191358
595061124533763153
15441791156604199465
7080490619468257043
7823494560285961728
14716127764454988987
12755565612334634507
6697517435633629454
10868514335989450795
8048814811426828152
18109476580434514056
3118563373146700602
1237994089919695422
16474249844967933065
7810551023133647208
3996583789146165895
3859358992334730741
12476925160094386519
6442067123662194020
4839322273067224216
17983643847498647480
16201917794552197842
6625984097690069763
12174636168678501134
12507175246053390054
791813073088171516
3305088772851134506
17491603085681244598
8548680212656312443
16185074118490719551
513417466584074228
15823327611701354817
12496038809030558839
1207250834773636986
10900159119658630336
17814622300850047765
4052990103062000168
9406834110650229231
14191310216798103538
13484081268144293935
1855379363813056858
8854923502488711411
9941411872333869573
10058474053817033802
14459176737775109541
7808573128189463553
10839952086409338087
484715307711033881
10075273713724716366
4471780657159180610
9784821182185121645
13910965809352196764
4575730548306979496
11538251159187717968
224682300021083573
382849522225808768
237911197294585373
14420535590594776547
14844605418766432394
7969051155628948908
10064705255379440250
1157830456326602439
5403031088390235613
12088229380910022834
15589034961268814139
1768538105755902111
17196423642473708704
14353635111202229371
5826812218211049501
17112810220296413986
16514273786209378263
14728141183675847981
4761785163661501911
4226520059287565200
1615327481700748991
10626604695916692309
4374251164426058043
8535697566439494364
16699958362455524604
12710734325553032885
3690668595398887292
11054473984274769132
17491957380685048816
13040416992375632971
17640639999317392621
6698119699148320529
7776363595505161522
6686408766154177978
3452867200800250997
467288069680428767
13060649859156645750
15700632960092612828
12610137127017156247
5159275614743921392
3416051918596916689
16187076216392372809
1909781372151475921
1097488514576881515
10580519176453425839
966735664166306624
15328704634540803027
1499211992854924221
2034732937928743579
5044210582548634002
10720712044656338343
2065420517915843851
10262977549445797679
14577541200026980342
5348204884508378707
7141637890507949231
6447421711353983146
9213989398105851260
9429417075435925669
16716699185225473106
15976645453981780417
6569378325192317312
7990480093680345799
14332236902268923010
15961588824880432684
16712268829804024679
3145199091748465150
10862147974283072175
3671301194489093758
14255001021779822084
7567148259974524404
719260661826588641
3602708955453077717
3328672943777383628
15844780281551849055
233795854457135736
14461991068267087432
1893636290516020159
4353484537036695792
16711173615755789564
1747602624808379974
9527186298070542732
5503750487183643133
12555055603003395751
3267152228059000168
8051223119146455651
15972032761103030188
17018534232371466801
839207032270847465
17017896963885532610
12397976285574352655
13221759815671282215
9127153047087702802
890851688501309295
17600260663270178144
8594030138165579805
15801003588766428501
9659422428628838822
16413946353546835657
13343081181414630884
8857650197925758819
6292507874516294209
38342796618171225
5513450997018729982
10849122665578383081
15139863575014423714
8254274899267975428
1226388489971707975
14642708759643097522
1316999604650771294
2524107035387246824
16164022317358733410
2423218787873259287
1932215642840945678
14856316508359732317
9531213641507958336
9009562654675767635
11756313260579937138
7836379291378009185
16628334014851881989
1538619249860884186
1363745796530220996
2439394602861779723
9204750989413994164
16448436731808264584
6522389208134010871
14787831287249425590
8017567520703474388
5092299557451480773
11217757924939101388
6874245483259843341
9434990446433606996
1076645493238718649
16236018812544947333
5240421003366849187
9754830202313816470
11215216112705390059
4108131997535965885
9119499777006405215
164685960589086910
13838373835791626318
17672139493545979288
17503372216900696487
8676934886685599002
10856277551491262971
7185683795988624833
17105483892241064402
1837611196012932290
15445283120534603545
8484919297689841887
11477362134223544997
13242194773888837749
5023620500241082377
6140813498596134499
1938743193534396905
10774921928635466247
4562598454716013112
1868600868559113799
13324120330783956452
9254519318715039122
10658930031730503905
16661243677624807919
2474402850103695410
10704677766014322151
13336555560303560642
17615859063088178691
1720748524518589394
7665384722103591186
17729652899383992168
5728661443781053430
2655919732342391792
9337818580140080922
13616567782629072379
8368199958213491245
18382874221314755347
17250608228018570312
2091158740630752657
11104041114654545161
12673418583966220033
15867354958615071031
3370458023849378286
16009495010261491620
15893915329399845516
11302290544096605823
13124640214850220717
14240101139928551063
15017602822886576568
14481351498467326187
1267559038787763368
11454674325881578749
9261906340459845868
4465416230948355553
17982372682244487017
2009593287713379189
8806869970012144727
16615585427683056527
5636143689291147543
13652610890819450007
17011786912295775241
10054002692117716719
17802000711535050406
13067912366403153734
10190906777174166449
16300894977144668173
11771246907399853823
10366348507631786207
3275513680382946974
13053481045630709176
12149580270060749047
8013338261044406886
16583252402196408457
17056532418176993666
869478151429143564
38905404390820035
9917448769931135904
1277147692517415525
16717546839009837115
16792977810839566748
1423914745992973241
11282469678399303948
16895877056862889013
6774939349883650655
87022222753895827
15434178502099843873
2061197227144449766
8643499007535562457
10449889541823091357
7246990453709087711
15161716710557832857
17464165832445399634
4372172756283337333
2337319950418652463
6463451429784337908
17218941780985568871
142045031012651222
12276613992035161957
2588590828383493667
11536470678068328077
3177087002002342699
16543123492032326778
6582308733452348291
338650455991784353
6363081057188048463
9712459457289707067
11927721158009845046
14144074009136353893
11022512177908808914
17249339827318460084
16135104973535121414
8355000022489235098
2191074014048459321
8736590565277864301
5044584649999985019
15963249152107907663
15159707675759251062
4325271893581143338
16631898739119236114
17654381941287361922
18207673627637711139
8213145097324984333
17433062118083197840
13935296568153717164
7791317937586948295
11289298270460965747
5937758727268498533
9730797346194892120
824106604811276602
14539024345716022634
8906076630359883513
17909682617903381396
5515482653083899718
18314382560601227091
16806554410576855
14468971651586757840
14611767497713972235
11728520799738493137
14570544774239603651
7917283338520400479
16406014978518602155
4423476018022544294
12941525409332283186
3096423182027811444
14543043797263159289
7917212486245893982
16429948247530516645
16543561287307795605
11410279429636096222
18325404398624962104
15727157263582305226
1833414266150095944
12427725941071253119
14672933366223203096
380133188363663170
8955285206665238365
14753663193068086146
5513457589480070114
12878864938182887961
13693833955950048049
11585330903705379181
17831553457332422176
15148951480359174185
1334267190344876979
1866249351013567471
5140668671990082449
18298263154604575249
15063188287033071267
638557438745813111
18169768042795085647
16273654175289074900
10070447031047929778
13284061190564631386
16159082372226476377
14855012608970452392
10515130068684624366
6405142726870185869
3656220585955278407
7878921640383120498
8210046659099656293
15373260105251072874
5429022668032672992
3900684688735031742
3309200643788120238
10475288651133418521
14206214788242972923
7623964782398979619
8605936220303297786
1572540573216809110
16849512672618561339
12364308978913494386
11774696195242047395
13406519877054390473
12340971599230613141
10472650212843285507
4287285298551867216
12986661864736893373
7086803778715593644
13271689954086761267
11464116388642919378
15661585328868286777
10942032126669189551
7110368177373625962
5185546291822642186
9624203465949061318
14422242220026832633
7607544405397789555
7389112386566589816
14010359251555794481
17422766362703207139
3030300235979283583
2212452477482889210
6346401949989303361
16195075424440075152
3385672016721816169
9045512629094402320
8185254917161501020
4612271662851641159
17191868068238318275
11892729082902930017
14553941942561071930
1412644732928300897
13131517714799479023
549733920974405301
1852171864291557681
3841326654845739069
602154681201620972
18171682648624079113
3147571348129911220
12404591397294716438
5361501155101930976
1404066493453707467
1710151325167876426
9204105208903291963
12029656549987908409
17624361392163276333
18128636587672012580
799414960578780598
5227338168028049698
1833250281635114966
17248047977697304733
13707785447953574345
14245865126214576914
8790471851104670084
3615165095075392723
13012257373889814575
3923824904383958577
13694805851008386520
8208423366324670093
10049221369063976185
3618353719730679359
435451856993862595
13198477313104738217
13493904696358580611
14264272242388457579
1777008880841286438
1412522164676814076
2643682474835763904
14840346244161828543
14776484993797888393
5355560284917110212
18320347888974628596
6334614576296183015
3951368924122178152
13736168795621480246
5475476747087020611
8083257772805271272
6764283565803724144
16193259429816460838
11670439638710273031
11965139338834385310
2828589197815785003
5273789546719836795
15472669588699995355
6412251233395334914
615462662232045241
6474045673243679529
17328664712376148575
9019889783385034998
13771616572355316107
2340285777326301974
2431198801285578921
15024777421598700948
7935918686852763844
10212937953720367965
13141514478289223258
4828443803790107389
18075881475472792072
8275761791488472621
11681007546566469142
2135598632449680918
17024738993762940812
12220446103005149623
6467867000461603037
4150269225658791144
6614034058825069342
3399244519828221698
2404834572603732308
1161481061832638808
12931467221760211155
16896546187631015146
9780653734163827126
486316881533497546
2755295971284518601
6348338246820541551
5994236508969171648
35915839568713430
8340571151008440013
16514120472519758137
8093283874439654963
2099143146169301283
14233688329340720026
10874767938270684978
469348277069984886
14253398597596284755
11718769891708786442
18014211592011496138
10030067943206950237
4408405737923930037
7553984976837135513
3226574535554604339
5697330704106282835
14956766162784901629
7109047061832209366
18045394672029110657
14800284726303021442
15069297907947219978
73781586478558555
1072812761382816268
9996291046077016168
5056711223247079044
1353046819587500546
14718279912438751608
7903423703428678150
5989611895197870135
667514384237799302
17636676259894698836
4162007221017409260
1531734019561088801
18093316998002299979
8729468029820333973
15971928830250950874
11743259751275473041
5247817460183475623
9289577400679566801
8801894633358477339
13979456829823459589
18291374666377244469
18387500204636404176
7593653428348560312
2491983997073452362
14687248819572141980
3745301503973340204
4511622750630755812
6868928739284901988
10961139926972416596
18364227410372335969
13824453594945307672
11704837311452381490
3236907214749706546
6193398214070934061
10014497714297164407
1724971339867209932
12791292479768588065
1995142734872635325
15772952131680095181
13918905340630943345
10476126377353260829
14803335191936383783
2056501420925436205
9197658051749788567
16149876941314979551
16183400142657837838
10013611209643841188
127375434232346517
1550736015527042980
17021113200517722300
9473831436199270450
548506920651274712
15601810488299469870
14700099734383201446
7572122433374415844
16032833283640937009
5018193215389626117
7084451702583939346
14120529359075153450
5102971175864687663
2892850811425567496
8263957098931157671
5096589951437592017
14604412390072788324
9099670284768960251
18129716901414955934
2665107922294811990
1678445806872945905
17829217083667450005
7177422849464586685
6295662942378060826
602726734011476531
460352087107946883
5042759028759568617
11226445448011268608
15744420292345755506
2139867154799855667
4156780111433517956
1145658417636856334
6845665818663793549
14272653136948532105
7873611644840391502
16297743332333761692
765538742528237083
16857893149043909926
18432774778241856593
12756089805404761855
6272400594404652309
15821283041528126792
8945090932811596885
17246688032185941122
9800931504434272263
9970645802577359164
2321646611313346448
7530603523355148054
2951916435536804292
2294382966817908811
11074299374389269192
3701144098389767270
12475978786238360434
11755403138281543256
10196568000773757764
8868843013212549211
13919496940341966214
1785000648178684194
8101297140373932804
16745052258940105394
1583004923309973522
4914636748408941741
18001145124205173637
684739296640230166
10152940492639811202
528788988345193469
15717156003595755258
15085017537288287910
4756153885803276461
17252079453685410259
9923112447099165070
485444281148052290
13569499161775993464
6616563951784418346
4555722425830378204
8239452576099168624
1952046204291115454
11299206232581016833
8552126520074672429
17643404284144855699
328682965217710857
10823118827371614062
15310518297828269405
2410842610518718566
3126133341952824571
12577137897137154684
15828982829468272647
11106773010434109809
7353109859826348030
1142556704153132827
8571050793525010388
195625484132416070
9656171151954091070
8021757988480953318
8129122424215594005
323152609650419262
3479565501865228863
6165459552921604607
156961737899731221
8075400172698869218
9100923261164194497
8439474355338091124
11865043284893983433
14981093950998614556
15709559918125983922
1508989923659479850
5991773331404336711
8717992348794553652
1068309177037927350
10025499050119734867
11070894818536835626
64154329149707646
16685143917648807014
8042048480971404518
17606592244408429932
9445638056458335714
3504806794067735116
9124874171636687916
5818934473951141030
11043331973918770004
14034132100404689060
10568326376363263569
6995531401803431666
16379315570844562527
15892383861440005290
13474883461141805435
4843131232915923213
1912792066356199594
11008447908262126546
16988310475088251272
12630700685060472445
3779472601703892116
3039410121825806748
16479907422868041076
16257608005101135069
9385135454395180748
1661506403824223482
10380451186292778916
17705902354964503470
1990431336470182702
7703243778465824604
13084039500059944621
