8316793329533922329
2676694963899675743
7332732545159862966
4134953627207353126
16548355950127655074
9142330914870291965
1996384845490512032
6849812382163075965
8059397348135800125
8794149876837733123
8394131525335173932
12087245894169104166
1795495080799162747
10913156156513452544
2166413878290014761
5509381445649127271
12228358260740615583
10689317823245328388
9612228805134839863
11712958429845283991
4367118773502561670
3556190138396720102
3610013670748477666
16840385464951886640
5901499738660425949
7897606110912456417
14285240767346537684
11834440617329552337
6787260484550399618
5426827059561666762
16176337293237964855
10349663117249995615
3084656463631555972
10028141319478194540
6105184815222191142
10184013062249977260
2040877563022833094
11958708682038583899
11421338684789981102
12885708638462923145
9587888916718346713
5555173236494762485
3266162097729653580
1457854781476743246
15016720353568170540
791752170965354908
17864167437123945263
2410812034758262235
16025790003348899644
10223503716563002487
8402586339916148596
7898945990137283509
2298057339057986338
142257053086658127
17841676527201830865
16020226351267053641
13450303052023687235
16953137130858114482
1664365881021690073
16161771741731705444
16294942160556221849
8513997762946332003
12321102098839366032
6173033851006620918
8288416640782660476
16124855641861878161
5036847706393644988
13324614227810949972
5995503990452311805
1880436422734923033
10100925739171949894
14265470008966827495
6328543032553342559
13716690941442810789
8954564497295861757
17845039370917069983
10895579866311251505
12098460153521365228
14737950349386136979
4656758382673409202
13523857416325528886
6070059956396365747
1837595544126109871
5234361002150239759
8245644791206628518
14449305109901110176
8855438282042645774
11463392294609424146
2590202787703337528
12259335243361656272
2405277205967216139
6167781995234652060
17473777579270769206
17485887253845622748
869820308621159404
4795712718786199828
5142430366297761171
1850315064119673167
11635942339730960065
1414208473234103998
13140450526602455487
2497194069979104704
11039057212823187846
5767030217752902774
3827429706710614650
12446019731971777188
18207278230121453463
8627389649743515871
17878890377813276061
226633098015662702
762711022091857503
9623407820056137252
2896102056076828182
4486768548417992421
1477142151615114951
17091905863052626961
15486366321741951089
9217742341024077542
10317948145714058386
9241148447641170816
15638697870634642493
3582100456573507772
8240617773537428130
1557302980308484200
3095229554201184664
12620438980285030456
1991819670738894887
10267488523904158949
13538540627426954320
831721619732535514
1281294447113215918
9762555055697336203
10933507135546111583
1643349376680825
9141314452674747156
846401314959513064
17108017670860086123
16505102938587745489
13727045952231420412
16761919598000294150
85353477710266207
6186513841845240585
1359565062025700794
10516878583881502711
6816639901112547945
3254152902960928364
1187486392119377831
1801548816851326097
4399395236239613367
2148145976379791984
845347142047220698
2374232040332154230
7645963669904388005
6083023032830517223
5440402056335169105
5973593395695152104
4913640273694364694
17354174208610958361
3343406534218825688
5316975086579122900
3987277562220227060
18334414159548723940
12250498599954028212
17280166828363188954
15598392240745272949
14547519450022586100
13997702304082215604
5027756924001977168
1246738595398770165
11524955107144724248
4518126670877637545
17756716752010490690
9735806658377217768
12837801951153588113
6682782029706927103
5387222995802721478
16022015451556402192
11870295913455895730
17116885879553308338
17690058997096203292
5070975749873585822
1536030003349255285
5238732441092631702
11875781163929375683
7024190303649975515
10674783058387735483
7744788012823086311
15127692716631951475
16784485492632227429
3912211813634388307
14369576026225623477
1468106104374334833
15262885525745937055
11164371462348941097
16603661599507984815
12803377985117277018
15548206934256105600
2887959616573843633
12476240380350726218
8502484479803560376
12000570830469882681
16901579705421748111
5344904981150296185
12780971846690045078
6958090511279851329
8595280897321773665
18328582027507251870
10453112653171589994
749450740294130492
7411321626306067497
16843720990225214584
5707419031957564730
9436321682981105386
4041518854622990383
1945748579089465986
10714200987494880485
16188325435198033948
640638441132636540
5040326396948422010
3497400668004069593
14200769223306872262
5447418976617250215
10637499507217217922
8524330912221511
8488615062908093772
8903837225561572431
9690016618594753254
14469249807839954008
5113183538319530212
4186517886536735409
9466916119402414907
5713636343090084971
9799346334055020647
5927436538289786379
8071418489515808810
8479556517849210347
16364833780504066094
12001892365499725600
16726041475880241604
2918801136104463589
15572902104670642806
8582692357813540842
1120262574483790853
8972898140188542236
2325799517763749584
2460505647070239055
13202809717408362562
5821252985278263129
158118712556907667
14443067745721442434
5156167747468741206
6601768539845751318
4225435432707172582
1701640484950253660
18443044970002083744
16536638486147029079
7274444767877617753
6922165097142681629
18294141327752923872
17784053524518528198
10396620384148362810
14581309588801708112
8860415433562891959
7950914596597247750
16289411036140578868
5608410128960144184
11907919461157850050
16674011591521924590
7880989318362173734
3618730826661462106
1620817039404121535
12467622087489397753
10533937862199280340
4460187445313180667
13425518723943863240
4470569813135374532
7923955825395146164
11334454907232463245
17887200233434272824
14510252157631777764
9867745866371413172
7858148342067393770
618887817653705526
15802710630561050649
12822342511025048398
10282042010426660895
5772979955598196054
8075624893670039424
16620372593223698389
3885615495124055026
12738734265945200674
16182446990397348667
11117394448500040510
3095294700970884236
7775156944478492519
10484147833612453445
9284481021178725018
2227944771933000405
18207558908938045161
2981519386019095068
7374243091363813559
14741917199281628845
4256670219227823707
563705216167444659
636000699416467630
12365876265727706193
15419338014361279592
11790961462949614463
388033697325296358
13862273397775236396
9653467773066262006
2119790693592654192
10035439525751607625
6877692446378060826
1281623906635876044
6821495083867018909
12895318190032230211
4524822729564717696
17861131312697969891
16958806554221832859
16249213907535477
8356559243518912495
10963254768740928039
660210084452002466
4353254736156339467
15072734611906444422
5001254399890538512
8044973270609794466
14354718940133924203
9100771070618305008
1596140814768628593
16057946809403708850
18308284310573407168
11662942127985578823
7159084488037796162
8831926599135371429
4117779160584952428
10658658833381758137
15337897387356903560
9202168469848618613
1465742554914371653
6819866722376320227
15924582482899288499
18191667129579938394
10923159786651199206
10528775617050323066
1148264652939332301
13386136700611174329
5415804361193956945
2834805155924728705
6233660982937631456
11815921225603769305
15033386620908547405
3829894724431515622
205221182023450934
13047171687598358593
16567409798104738597
8374165893687884363
18438855226348905574
9429924740400481112
13553055460197538405
3171460720011216836
14412469103600443827
16463389300870847226
13091872966327770994
8857256716945825044
7790016367912570913
13122599207818773263
12811579868148879302
18360794944171292951
1666723119941930716
7092935229489170592
7134936251897727088
3301874630852419532
3427190549607550817
9041689355105446986
3921153944050599407
5405322796739708614
814951671377583753
16216413926833158928
2130708440235164957
5449657150580774072
5667916269260356186
6318894147308910714
5994322241258311732
9068483341193130439
15820863038595724579
13547609354589315532
14115386467820842315
14522470068385680315
14900521600818215871
11664492156082730043
12673152159609719852
10689776811067949241
11810143395137213563
2025768084674050203
16375754618837824700
9400639533825308880
13006257782472602879
13737647091152352955
167426541907722300
5783777262790441919
6250096922701329662
13870233484551305851
4398616392942401035
12541216519778108737
3125025454495304245
16112466415101609121
13900197236513656727
15652685857119896863
13836746020786299525
7965688192147632693
12342091297733669430
17316040071783313697
11982618599684144944
9917970865011680692
12277714571675307590
15331625771682690456
16003706502974016113
5940603629514020239
17027516863460902190
38115418984453189
15164961616846847808
1151435374757328309
3825375550064753787
10678834447205202352
8403079379031805748
13255221606191492473
6247921892511998696
4514068658887838612
9677368143258533191
3008363780601540745
18370842864120487791
9757462189989509034
9071321730692725205
16048006586351165904
2038789186026648375
840833398369123450
9554135993580625179
7639401770604495114
3532784561082234710
5262500740962750141
5313108465034756604
1267354111248746266
11149679176444084706
13594643696015234388
8569369930604652544
5620363334774929119
6300397543520773435
12991625116918444924
12114807076978730640
15329253519544387119
1948505455349292186
5690659773047303176
16737354670534055547
16840053981845569357
12590474167107525271
7703440108073353956
17896479515650016832
17873931694702751582
11887041663100697838
1551819631781840222
10851396713755986943
16727626410449412147
8140692287747417304
13127063689592379419
2798357823897217997
10870034824641288711
5914074890841760923
7651339255717478836
4315744874518523493
7251179220931213451
5180190391321699531
1479278285518679394
9826064730189441554
18041186640407371072
4989527667355050533
7542992798625312867
6487841872127763977
17425788889468153910
2913635230052299090
4490554339606124329
17115511652402896591
15282263370713737786
1545407117245018430
14240534837572128214
17891662725214737416
6705737792242118733
1928170168985494030
8467686360178848770
8978136175291914748
10373276771346193447
8070116489475496170
17968766818453122579
13936374737712312761
15751934847084726247
12054154478776294273
18214753804822499035
16718218135506530177
5506999215199009457
756344161310586406
4343414844676065405
12406560825526092908
9303700203458834942
14809750541404079175
13500495731422413010
5975398439130820232
6282173548359546017
15471515563944124399
17486077635953204895
15736898255133433374
11900897343144211915
7410051951078650562
1998886825622018777
1639558684803717127
16793975380953699901
13600727371374698390
6758512070666202340
13314991743500197490
86526676557510438
3174402426392419749
14403033869966502557
14892109607242587992
4661701014681130633
2099856736934414034
2647079330268723707
3099286883769799073
11205021040555523366
8323454491475102120
26810767393594713
2558582777966911141
8342736701250751723
11283634250446495072
13055547067338794277
4225237329869056688
1322079284725291308
2225233617278395088
17672832184930755688
12013439205660868460
17536947403534685290
14964660681948325146
4459345845505786221
6386737696580968643
9198346153734518363
14460150762819807523
8454710724085344043
3162974097002187299
8743791434114319918
2156616341942225604
11817459165119475235
5726752136517550781
2987575995778520291
11763224255298961789
1305674290013770659
16722918352458560212
12463735091367799242
16768710004523385487
1403624101082786021
15955531780385182384
10347029204094067593
14318253256136384234
8679118211582570225
8316092277809432899
16436659367618028405
10793877298766572434
15709706350397243659
12724149450408662191
17480783814723436481
9864027893341946144
3470375005704374265
13696427582142849825
6689026299273224476
9666097358817855308
2774721312517813748
15964529474717500245
7174629174752067104
7727031972095864533
15016031051583941546
4945546141404665546
12860867363197629283
11935786566579696147
4261057952917494555
2539609675944345860
5190438921434198284
11885354064541284915
11792118358334954025
8436315427054023930
10796947086718354909
16326447263152365788
2081545634025841010
8717680191154030460
9590295334441291280
1461557709643082647
3466902920406414397
4819483689586943385
10782100023644623049
4982243007849542783
12511126436538265796
13624703825688686193
15024345746798762698
7552882839032266024
9669376002707402140
18241980771565465987
13899532441755725934
12139975314893097588
7150552305197637704
7586251720680390774
11775248717876392234
8455166850406373754
8772019432089500631
199029587198626277
2190723670159000482
17441030192700012402
16402402357756297676
11290102245628547557
6208791187141061487
5251271960714763703
10538992911265970
16563563771089082532
16733526824304545259
12998271504969100521
18313420946843813473
1059626340261531939
12184459578037784762
4273178061074488665
2849269948577877595
834003789995548802
15646995677446140855
13060404341914115091
17856365674557324732
533744483289151347
12604830651994067234
8405501075298431306
1777518012557336945
16613804305378997448
3121303227683029518
1317089276090865016
7360708656942596292
7696984946361624297
7391701504565736382
17631337044016620089
887043372946102422
11746772378751203110
2412217986035740002
11525409286795767737
17164514378277603001
4930273665887339766
8446663152184316892
2512887537221531610
7408013937752283494
16257100367277464470
4590348480237962156
10611560242228238000
1422284771450379506
6537714574465088087
17863492838011981677
1562225576416645855
18320401266198640420
5379335944473499846
17104813623613642778
6241473397014685568
12451721644183776033
5017397452388547798
11390983784272635757
4872129217329805179
9071852076768419735
17236163512997035100
14315604800371607600
6048897160465953815
3091299954018458443
11976208653237634731
13585863495875378035
12208330088545195377
823858595131884657
17767319660414937484
14109244901121769055
9853445204404419321
18392364200022433664
14623805493262351604
2893856553345476987
5980710066803390822
12179715629545120607
5444241595344095083
4933083320560846446
17493328843461887393
14887299019164861054
8876627163835198707
2032412534174192008
7064210202156805553
13601856842247980939
4623018905983883664
6477312072128337473
3535693448450602061
3214720981991405508
9711116626315861538
4181049273475106748
7870918326126120091
17527136184043010429
11488643539054997933
16749214959551843180
1645323115145192542
652192928304775251
17178782117955830901
1518378655657486325
13187375767438212868
2985303442137029594
16891275289178128237
7368607824914185352
13846149909367970578
13481944187571633970
9458679747731500533
17880900432398234741
5923115885963188497
5283802624866126588
13285241336919099607
14864773580950725631
14107678326775220798
1554706443494423837
18262830123107481149
11610582043305927005
12060097524187220353
6734523353147572174
5402148993624377350
2539086772283757269
11373622925393117201
16001360837761753743
7474131750853572083
17418612154568744757
6232919506132931631
6451655568343496453
15649234656336812356
12047216804056214942
8773298210161406620
11616241961987745585
13103622669432778740
9500816555582478396
18048172686322644474
9342126262689678203
929091850358384065
7700553552531548665
6974183081936025618
502422118533767048
8793452414374458828
6207482397279822452
1813141982728667461
10814426718297437368
800938806253699604
12606527948148779353
11890794882571322250
12561737506353862437
5776756583307155220
2388475694388407888
3447673834377797821
15473066273668733180
12423986285511244884
14096094573814842705
17309463495930577364
9863597804775098796
13005002659781857372
1802201687001877551
13853047729315456776
10356813489118839045
15765462453381862520
573883335877316496
15798328584697246451
15212314821263716315
11789422525738038834
9117010467560937507
13881550251169512758
6102867531243775750
640777809036028849
15986876043333264427
5965861802015404485
10648796428129305113
16101274902173911032
11669415354823769167
18134900565240986337
15335157838675658464
6578324664819494372
7354594094726196437
3271740829416501847
3771898328128423734
513857312415426896
14171930017677844663
13515704307046759451
13592838905136232412
11185066671219386281
16093013483959812517
16029707953297173912
719029315478618412
1729425755606637289
16105004593011776266
13650872666935527142
14373159912407279416
8867799571716127221
13458442484459718753
16713765621600356615
3059152061464099311
13846502891952169056
1703094618246038177
16066815931808947021
16264462567367966416
7617332097221462583
9205226847772330498
7874221675742513397
5185890502161025094
4975543788346035495
12396938775627037980
13597846892722628758
3281587960482013026
2049090708039694656
2154033281484738706
6867074730593627654
8060693341996816697
14580907634974166481
8644400027650511976
15925747309043130817
6533359526950355492
8874141620247623551
6567513223183818848
11143113133427277701
10180685308781633876
9319414061930295743
3958037216003146945
7133441766117963591
9393055770080049012
14036746634090568479
17494613755094287796
8027119037832535575
17175504128638136005
13968325137572336617
5490736026018145506
5767583232947114010
13705026647435109776
1494812079108470209
18211466381997410956
5935408378206518254
10846688603110416484
6749956030972063798
10323017036489934351
9690153158921557722
4408911695282461628
13570189385461618399
1618015660971083594
77973216399261062
1510505305268364496
10563195495379025729
17981287373292885651
2760976933253349054
12802733976861485533
16637561784420624614
7403611208884175914
8539208092714275478
7511596721148497443
4146677951332653249
5198217819359085982
17772901736686981781
9693885822530153625
4478873925458316928
5213212356021108085
8551391171601286541
16549743836811143653
11107318755021342352
17185899702772249821
13339436796622314374
8927168380638349394
3117666122626189797
6333333866335135605
17871286550739262105
373129427917367813
5201861222462985084
17520322061324420057
1011066214155287094
6552725058901383811
7612252140311793282
6631776440706250467
8940349749159973388
13790430128646791162
4504351686009930542
13925752467069407918
11595760202343500474
7794752786002028643
18381818055184533483
17769102949201278856
10262391316934919963
12599234639927454517
13853252768951598517
17549627305309357174
7021771218033532493
15108895801343095427
479090792288271825
13849778049245072588
17587524770152191358
595061124533763153
15441791156604199465
7080490619468257043
7823494560285961728
14716127764454988987
12755565612334634507
6697517435633629454
10868514335989450795
8048814811426828152
18109476580434514056
3118563373146700602
1237994089919695422
16474249844967933065
7810551023133647208
3996583789146165895
3859358992334730741
12476925160094386519
6442067123662194020
4839322273067224216
17983643847498647480
16201917794552197842
6625984097690069763
12174636168678501134
12507175246053390054
791813073088171516
3305088772851134506
17491603085681244598
8548680212656312443
16185074118490719551
513417466584074228
15823327611701354817
12496038809030558839
1207250834773636986
10900159119658630336
17814622300850047765
4052990103062000168
9406834110650229231
14191310216798103538
13484081268144293935
1855379363813056858
8854923502488711411
9941411872333869573
10058474053817033802
14459176737775109541
7808573128189463553
10839952086409338087
484715307711033881
10075273713724716366
4471780657159180610
9784821182185121645
13910965809352196764
4575730548306979496
11538251159187717968
224682300021083573
382849522225808768
237911197294585373
14420535590594776547
14844605418766432394
7969051155628948908
10064705255379440250
1157830456326602439
5403031088390235613
12088229380910022834
15589034961268814139
1768538105755902111
17196423642473708704
14353635111202229371
5826812218211049501
17112810220296413986
16514273786209378263
14728141183675847981
4761785163661501911
4226520059287565200
1615327481700748991
10626604695916692309
4374251164426058043
8535697566439494364
16699958362455524604
12710734325553032885
3690668595398887292
11054473984274769132
17491957380685048816
13040416992375632971
17640639999317392621
6698119699148320529
7776363595505161522
6686408766154177978
3452867200800250997
467288069680428767
13060649859156645750
15700632960092612828
12610137127017156247
5159275614743921392
3416051918596916689
16187076216392372809
1909781372151475921
1097488514576881515
10580519176453425839
966735664166306624
15328704634540803027
1499211992854924221
2034732937928743579
5044210582548634002
10720712044656338343
2065420517915843851
10262977549445797679
14577541200026980342
5348204884508378707
7141637890507949231
6447421711353983146
9213989398105851260
9429417075435925669
16716699185225473106
15976645453981780417
6569378325192317312
7990480093680345799
14332236902268923010
15961588824880432684
16712268829804024679
3145199091748465150
10862147974283072175
3671301194489093758
14255001021779822084
7567148259974524404
719260661826588641
3602708955453077717
3328672943777383628
15844780281551849055
233795854457135736
14461991068267087432
1893636290516020159
4353484537036695792
16711173615755789564
1747602624808379974
9527186298070542732
5503750487183643133
12555055603003395751
3267152228059000168
8051223119146455651
15972032761103030188
17018534232371466801
839207032270847465
17017896963885532610
12397976285574352655
13221759815671282215
9127153047087702802
890851688501309295
17600260663270178144
8594030138165579805
15801003588766428501
9659422428628838822
16413946353546835657
13343081181414630884
8857650197925758819
6292507874516294209
38342796618171225
5513450997018729982
10849122665578383081
15139863575014423714
8254274899267975428
1226388489971707975
14642708759643097522
1316999604650771294
2524107035387246824
16164022317358733410
2423218787873259287
1932215642840945678
14856316508359732317
9531213641507958336
9009562654675767635
11756313260579937138
7836379291378009185
16628334014851881989
1538619249860884186
1363745796530220996
2439394602861779723
9204750989413994164
16448436731808264584
6522389208134010871
14787831287249425590
8017567520703474388
5092299557451480773
11217757924939101388
6874245483259843341
9434990446433606996
1076645493238718649
16236018812544947333
5240421003366849187
9754830202313816470
11215216112705390059
4108131997535965885
9119499777006405215
164685960589086910
13838373835791626318
17672139493545979288
17503372216900696487
8676934886685599002
10856277551491262971
7185683795988624833
17105483892241064402
1837611196012932290
15445283120534603545
8484919297689841887
11477362134223544997
13242194773888837749
5023620500241082377
6140813498596134499
1938743193534396905
10774921928635466247
4562598454716013112
1868600868559113799
13324120330783956452
9254519318715039122
10658930031730503905
16661243677624807919
2474402850103695410
10704677766014322151
13336555560303560642
17615859063088178691
1720748524518589394
7665384722103591186
17729652899383992168
5728661443781053430
2655919732342391792
9337818580140080922
13616567782629072379
8368199958213491245
18382874221314755347
17250608228018570312
2091158740630752657
11104041114654545161
12673418583966220033
15867354958615071031
3370458023849378286
16009495010261491620
15893915329399845516
11302290544096605823
13124640214850220717
14240101139928551063
15017602822886576568
14481351498467326187
1267559038787763368
11454674325881578749
9261906340459845868
4465416230948355553
17982372682244487017
2009593287713379189
8806869970012144727
16615585427683056527
5636143689291147543
13652610890819450007
17011786912295775241
10054002692117716719
17802000711535050406
13067912366403153734
10190906777174166449
16300894977144668173
11771246907399853823
10366348507631786207
3275513680382946974
13053481045630709176
12149580270060749047
8013338261044406886
16583252402196408457
17056532418176993666
869478151429143564
38905404390820035
9917448769931135904
1277147692517415525
16717546839009837115
16792977810839566748
1423914745992973241
11282469678399303948
16895877056862889013
6774939349883650655
87022222753895827
15434178502099843873
2061197227144449766
8643499007535562457
10449889541823091357
7246990453709087711
15161716710557832857
17464165832445399634
4372172756283337333
2337319950418652463
6463451429784337908
17218941780985568871
142045031012651222
12276613992035161957
2588590828383493667
11536470678068328077
3177087002002342699
16543123492032326778
6582308733452348291
338650455991784353
6363081057188048463
9712459457289707067
11927721158009845046
14144074009136353893
11022512177908808914
17249339827318460084
16135104973535121414
8355000022489235098
2191074014048459321
8736590565277864301
5044584649999985019
15963249152107907663
15159707675759251062
4325271893581143338
16631898739119236114
17654381941287361922
18207673627637711139
8213145097324984333
17433062118083197840
13935296568153717164
7791317937586948295
11289298270460965747
5937758727268498533
9730797346194892120
824106604811276602
14539024345716022634
8906076630359883513
17909682617903381396
5515482653083899718
18314382560601227091
16806554410576855
14468971651586757840
14611767497713972235
11728520799738493137
14570544774239603651
7917283338520400479
16406014978518602155
4423476018022544294
12941525409332283186
3096423182027811444
14543043797263159289
7917212486245893982
16429948247530516645
16543561287307795605
11410279429636096222
18325404398624962104
15727157263582305226
1833414266150095944
12427725941071253119
14672933366223203096
380133188363663170
8955285206665238365
14753663193068086146
5513457589480070114
12878864938182887961
13693833955950048049
11585330903705379181
17831553457332422176
15148951480359174185
1334267190344876979
1866249351013567471
5140668671990082449
18298263154604575249
15063188287033071267
638557438745813111
18169768042795085647
16273654175289074900
10070447031047929778
13284061190564631386
16159082372226476377
14855012608970452392
10515130068684624366
6405142726870185869
3656220585955278407
7878921640383120498
8210046659099656293
15373260105251072874
5429022668032672992
3900684688735031742
3309200643788120238
10475288651133418521
14206214788242972923
7623964782398979619
8605936220303297786
1572540573216809110
16849512672618561339
12364308978913494386
11774696195242047395
13406519877054390473
12340971599230613141
10472650212843285507
4287285298551867216
12986661864736893373
7086803778715593644
13271689954086761267
11464116388642919378
15661585328868286777
10942032126669189551
7110368177373625962
5185546291822642186
9624203465949061318
14422242220026832633
7607544405397789555
7389112386566589816
14010359251555794481
17422766362703207139
3030300235979283583
2212452477482889210
6346401949989303361
16195075424440075152
3385672016721816169
9045512629094402320
8185254917161501020
4612271662851641159
17191868068238318275
11892729082902930017
14553941942561071930
1412644732928300897
13131517714799479023
549733920974405301
1852171864291557681
3841326654845739069
602154681201620972
18171682648624079113
3147571348129911220
12404591397294716438
5361501155101930976
1404066493453707467
1710151325167876426
9204105208903291963
12029656549987908409
17624361392163276333
18128636587672012580
799414960578780598
5227338168028049698
1833250281635114966
17248047977697304733
13707785447953574345
14245865126214576914
8790471851104670084
3615165095075392723
13012257373889814575
3923824904383958577
13694805851008386520
8208423366324670093
10049221369063976185
3618353719730679359
435451856993862595
13198477313104738217
13493904696358580611
14264272242388457579
1777008880841286438
1412522164676814076
2643682474835763904
14840346244161828543
14776484993797888393
5355560284917110212
18320347888974628596
6334614576296183015
3951368924122178152
13736168795621480246
5475476747087020611
8083257772805271272
6764283565803724144
16193259429816460838
11670439638710273031
11965139338834385310
2828589197815785003
5273789546719836795
15472669588699995355
6412251233395334914
615462662232045241
6474045673243679529
17328664712376148575
9019889783385034998
13771616572355316107
2340285777326301974
2431198801285578921
15024777421598700948
7935918686852763844
10212937953720367965
13141514478289223258
4828443803790107389
18075881475472792072
8275761791488472621
11681007546566469142
2135598632449680918
17024738993762940812
12220446103005149623
6467867000461603037
4150269225658791144
6614034058825069342
3399244519828221698
2404834572603732308
1161481061832638808
12931467221760211155
16896546187631015146
9780653734163827126
486316881533497546
2755295971284518601
6348338246820541551
5994236508969171648
35915839568713430
8340571151008440013
16514120472519758137
8093283874439654963
2099143146169301283
14233688329340720026
10874767938270684978
469348277069984886
14253398597596284755
11718769891708786442
18014211592011496138
10030067943206950237
4408405737923930037
7553984976837135513
3226574535554604339
5697330704106282835
14956766162784901629
7109047061832209366
18045394672029110657
14800284726303021442
15069297907947219978
73781586478558555
1072812761382816268
9996291046077016168
5056711223247079044
1353046819587500546
14718279912438751608
7903423703428678150
5989611895197870135
667514384237799302
17636676259894698836
4162007221017409260
1531734019561088801
18093316998002299979
8729468029820333973
15971928830250950874
11743259751275473041
5247817460183475623
9289577400679566801
8801894633358477339
13979456829823459589
18291374666377244469
18387500204636404176
7593653428348560312
2491983997073452362
14687248819572141980
3745301503973340204
4511622750630755812
6868928739284901988
10961139926972416596
18364227410372335969
13824453594945307672
11704837311452381490
3236907214749706546
6193398214070934061
10014497714297164407
1724971339867209932
12791292479768588065
1995142734872635325
15772952131680095181
13918905340630943345
10476126377353260829
14803335191936383783
2056501420925436205
9197658051749788567
16149876941314979551
16183400142657837838
10013611209643841188
127375434232346517
1550736015527042980
17021113200517722300
9473831436199270450
548506920651274712
15601810488299469870
14700099734383201446
7572122433374415844
16032833283640937009
5018193215389626117
7084451702583939346
14120529359075153450
5102971175864687663
2892850811425567496
8263957098931157671
5096589951437592017
14604412390072788324
9099670284768960251
18129716901414955934
2665107922294811990
1678445806872945905
17829217083667450005
7177422849464586685
6295662942378060826
602726734011476531
460352087107946883
5042759028759568617
11226445448011268608
15744420292345755506
2139867154799855667
4156780111433517956
1145658417636856334
6845665818663793549
14272653136948532105
7873611644840391502
16297743332333761692
765538742528237083
16857893149043909926
18432774778241856593
12756089805404761855
6272400594404652309
15821283041528126792
8945090932811596885
17246688032185941122
9800931504434272263
9970645802577359164
2321646611313346448
7530603523355148054
2951916435536804292
2294382966817908811
11074299374389269192
3701144098389767270
12475978786238360434
11755403138281543256
10196568000773757764
8868843013212549211
13919496940341966214
1785000648178684194
8101297140373932804
16745052258940105394
1583004923309973522
4914636748408941741
18001145124205173637
684739296640230166
10152940492639811202
528788988345193469
15717156003595755258
15085017537288287910
4756153885803276461
17252079453685410259
9923112447099165070
485444281148052290
13569499161775993464
6616563951784418346
4555722425830378204
8239452576099168624
1952046204291115454
11299206232581016833
8552126520074672429
17643404284144855699
328682965217710857
10823118827371614062
15310518297828269405
2410842610518718566
3126133341952824571
12577137897137154684
15828982829468272647
11106773010434109809
7353109859826348030
1142556704153132827
8571050793525010388
195625484132416070
9656171151954091070
8021757988480953318
8129122424215594005
323152609650419262
3479565501865228863
6165459552921604607
156961737899731221
8075400172698869218
9100923261164194497
8439474355338091124
11865043284893983433
14981093950998614556
15709559918125983922
1508989923659479850
5991773331404336711
8717992348794553652
1068309177037927350
10025499050119734867
11070894818536835626
64154329149707646
16685143917648807014
8042048480971404518
17606592244408429932
9445638056458335714
3504806794067735116
9124874171636687916
5818934473951141030
11043331973918770004
14034132100404689060
10568326376363263569
6995531401803431666
16379315570844562527
15892383861440005290
13474883461141805435
4843131232915923213
1912792066356199594
11008447908262126546
16988310475088251272
12630700685060472445
3779472601703892116
3039410121825806748
16479907422868041076
16257608005101135069
9385135454395180748
1661506403824223482
10380451186292778916
17705902354964503470
1990431336470182702
7703243778465824604
13084039500059944621
11211794560814681737
6714481100455250403
11152477164951161047
1338449516300508357
1620632576708639736
15540568960209077881
1083743501997226626
1889407173223622129
11868107418891508725
2038422630563328804
10965072418396927384
17617647239536603631
11194227395745933945
12957271576499486425
8073133719342970106
9953474128974951169
4254093126961674353
12657605047794601117
18227625823822390170
2815117404574569238
3439111238664260980
18021545496646352139
1901052187558880155
14289274417586904371
16073344399841475430
5105457286904964492
5054628568684707939
17876702328969861731
3087977711135707749
7289344237604941205
2905489525442135570
3677395836994525780
16944898624794369283
17262503569262175026
3894280352724810377
15719802491362385922
12938785977889901829
5896894380700044386
946553667135341117
10467334538829110998
15904287704206943431
7124948839554574999
6651214862968811917
8763244963768053549
3103806136557591903
11175286214830670572
15635565915982513972
5517716772128011761
13812782465030902013
17644484910867601267
18139146028488718782
1382558350479127667
8615853219335557624
17385282227785430441
14288559856220420161
5662654224836828971
17281715978248750205
9646337491164774097
968350042068277074
7212742434825353528
16894818041798431427
4528399109172076935
15688662857508765487
4688716484853046287
9166794142445140690
404495064932054910
7557459320397350781
6753354896568942206
17118030669083699566
90966062618069914
10974189158575644424
8788966620196134220
1061539586395905170
3472669657050029774
12428183113144912817
83161911259277574
9969651904359778649
10800142156341023021
10756393677325993437
14470900604586262607
9714976271134603853
9421327377353088227
1420648035286621667
6768544948715222467
3481634706299360582
11050589187486345509
493392448283030841
2359783675340286003
16548971911757522382
5179120896807199283
13336079052868515737
9832349358977767278
13777089650170943647
13349807341506879071
484596230422221602
8063608056922529190
11332798012264398399
18343333791058040012
6256152548680685743
18094549728256478363
1132012722305379388
12240065004957751905
13663607329796930624
1099458006734788558
3330256143621770044
3705982354684969459
13888068579820546883
3326165729973231988
16571755938551913608
6964896130020661056
7212129441096225557
4166234022657072314
5297633932486806011
13737470007598722256
14363298826479509948
5554203049730639196
15540674723161600371
14474816509711144565
3878417266590041454
14187538768015727584
13910047569821012711
2425654174879545290
5932105646902464819
1944562669263504169
14425994988187892047
11119898958426353814
10829712303674968345
10461748205539296549
8744924321706473187
16850869796446743556
7291703554212357082
10066115585770711502
513643647309588890
16067278296481549061
13045371288346756222
2508197029897792621
16521855649449517179
8315999967569080889
12715851175849048014
10368045140905975243
265570420933481290
10576926002303814744
5116785625946288795
4395632140221633891
18190328362273802856
9914084001417329259
5966665969157070225
1085180650194031877
12641021290147894456
7689517477977975494
14753451856529043009
14224123752473785896
8236010124692760326
2184121960637272595
2469649824713075051
12025667070518002710
11226478629054608748
9960390384791963249
11105650391516751559
15242796137056208484
15769509198004505856
16793871513567551022
1473377144639052673
264447190681895291
4561542029959031145
8004529933106852715
16128162042203093444
15169570618264374540
1561944568231455229
11494064098463063751
15187689503535892763
5610457967003233805
5227754374290201333
14324220311457608907
3187725785389777984
15436521860759307080
12635866391562844642
10278422763636415825
1926493799805402158
14534678565293347424
13415888023698036554
3537196940589268152
5394136651619482905
12400612917678572487
4531876122244641415
15043960150373266219
14281263753636274872
2745388054007646782
14972211296714887896
10510722915467835760
9238600191771044108
7283769153903411357
17732507067609222706
16371610964139573630
6780138134030426072
13491747283731313680
17649851091865568170
15739398912667614892
14522725867198476756
7013954042826140057
13036511454585350375
16951196855519645288
9479492063655004688
14667602867339478984
17702757226641177366
173273393544169254
690815448180708983
15923009625966414892
10269960590778092696
6776046653825320570
17365674448695735396
9787815985445174167
12541680330866262099
3493443323159830323
7720192957223528666
16287705212808636123
18263090503293343685
9626828055816844703
3702587112891063055
3011708713917304236
9728131514172283603
9276506794687746044
474217181200434828
3772271903047408063
15348667496942093869
14325569158529755499
332364947084654035
17189809692847014101
5497202716121143670
5897898566443819813
4182521089277098773
1537119026617367417
10945813854549118770
548449545252785213
15459534798815753161
8311984673707595554
7653138109126734336
1902995575058853547
11224996184765108882
18437429892851010799
9042656157835997488
7613634218285220407
6763418903269223663
15466317930244986434
17529112230331853570
2281656848323819272
12423406897156644386
16455928700393884211
16124431986203152082
9729054888330309482
17217548037652626321
13690884480345902731
1305775136489028563
2257384395444769149
795621767309042005
10403459247425382038
4697683725353505593
12661800021955034853
13821984655849617197
9614233566702011924
1269636123843185310
57578343791152006
12934454317223582089
11855403443211170675
1189312799576274948
1621002715015234971
13828592905459229510
8165031125302566033
17106432021247273773
13768325496680997422
9889277651089938929
7839307738419900538
4742253303966196313
1924478946615028024
17157551374388586407
8246053724371381444
6371215989332169243
4832907150055894149
6007628485448298269
5673047946284975237
8612502894599542593
9702019869562309780
14143312860035300318
1363746196953594141
11537513123253376306
7060910753927307075
2704081556294527239
1024625936108556772
1243360348897019143
9123193220526044805
11579767037730684370
701299906643490146
2063060771943950305
13915090844796578764
6730051623524019418
7665766329465434474
1340894901330714031
11499639828605686494
12483601783873865832
17764276511357507884
6316956015469774097
3647684181534561849
16896651851506979689
1527523001765010192
15527725787574236076
18287333533372707962
15158309254895745860
4393658376333400710
5224477379058004035
13708632213045552451
5510675430572861264
6483181448592492233
1392000220985866642
14204193074374046188
5756915965493225960
14517728756153379180
380701414782369243
15566815146873468839
12110861030406508933
6783499676709165878
3039797974185444987
9364633324900288530
15941374391813449338
10228012222412139500
1664891246267663276
13969226895259078128
12173686717610379021
11815656761242451629
3505380781733206337
2298974083966373936
8501521809486321403
303759282292451687
417234781142924930
14104162086536658812
14347177898055474675
79365130595318156
8573024478607688434
14315978021410519259
4485470801083419957
7816801768142870631
9071856463435820187
14843753062018926459
14736873290555776220
365351282842120429
17443458335373136576
3603298940416599839
14994139717645055086
7676668620651373552
16626533040643090412
167490379633145811
1792182423783772275
17429093810320357475
9775851368233382496
2886071154787816428
17329485131837034344
8144795424846693782
9577552232717027771
12972123226656769915
1912264373765377069
13354285545975322183
15486042224328509982
14649703896419022516
11245585154222583698
11611471339039592118
6226883145795854025
13019168750808566009
11486974016033974239
5602186177465252964
3013846059687096837
844602830136051993
14135008196280160945
12593872370257100464
11940525467881952385
3522256195622624138
17611579691157315200
1472167240055116713
12132613473685315356
2211374033767324757
1148589406339177300
11544896474479640127
8435750705169157445
14315559629400044789
8858735985277073729
6809382025133052867
13756573590512464031
1521416672688735687
5070235369651031948
13560610413189718248
108366101333726244
3622940747141558759
3197062041180799258
7118101592668437992
16502740450546940335
18034825887692237635
9304108012734969627
7432470703094111177
1237844581308030554
3093702962144312913
5163980997748897553
7682262944298709157
2665353973880629161
14573404711718960036
1483276929903295771
8917919605997416081
16221129338826231838
958324791947058402
10735039441193109718
2629168474378997923
15498216283415848832
12854763667504679116
7862950436949624141
17244554084975589696
43120056306412572
12180769818582307858
5657355531900664538
11473130440702951396
10913433459969990064
5881458426694247563
10882339354818678807
15969978829698141828
17945380768420651757
9446398018056896555
7871338389872956993
14597006574399052623
7320543045354320284
3378086506922485661
10315033785107167695
1028482082267824637
6883641921072796749
14291904285962251121
16710032315625805568
1328426177644054748
8971247163390965293
5918878202602793461
13046591927241320714
16924073342850339763
666032070126558017
3683453336259079140
9196368308786619722
8733176215906496723
10568486087387478807
4491998950031069439
11456080212845754337
11304837353745645897
11220479266697872981
13507334073932202596
8786620879487903113
9335683116256354407
16892751466830828355
18379642517762350610
16292417194771206016
13541930366339077600
13944018938416094614
5846543500403989382
7500237048524627393
733124737271970338
11288122602932125530
9478163822370403792
7988888116081558048
15139909015134466817
3386853643153094527
14372348296921835621
10066936778152579693
3155161312949641226
6282050347874507932
11783878130554034607
8072618962949710518
14841863274732329124
2533152177110874683
5603619738825883836
11108710350706728617
2639878347179656683
5440315903659719911
10936772723256461032
7386088591481008937
288162137816570731
6015075536564170786
14243928182388041783
3217653118623730987
13530489867867360021
3662313445584459730
13523622934699955895
1128893877772279571
17116306103235256156
4804042343926712657
11410711512305997477
2993116546276572590
5188822422204056131
17380600116490361470
13512257170928294681
5935991744331488219
8161580099823091996
6996179218462250420
16426259718257724086
4975067756942235092
16150507038051854380
10522457859011649459
5012683886660380462
15242581987234792476
1537946297877012842
447956728176506716
14531059795616138139
1353745952002178964
1287830974077213934
15871065603521267483
3468466497819949551
9597898407402394808
9367637466364300265
14079484003777482099
16992458215926592480
2445276432431531942
10768795795564571568
10671788247208426383
13960204838508601165
12420771640862134992
1735287471136970187
7767038065897920202
8688131720852955971
5124931102332342500
2572591385791759899
619489498736654316
7042125888404482582
4514185937173352735
14524265754621459721
13615906965134573355
11982596657235188072
14638993861108181350
17764233879621147825
867534555807174745
17245042228809881948
17512058222088941188
5339855291481015558
17759350044545479276
16132257684521812601
14783270882550884092
7879789481998004765
17784313044153628813
6630121439304172449
14816500394429673739
6744980052282517709
505478586654695428
146576830758209920
13310275229168598798
15955677227328414948
15315613067822169182
11636998540987752696
15534680103381580026
12957127891507205108
13517810109685382087
7074120557699777718
794098292689166745
17562027057779975617
13440295492170012756
13742043613102963045
13794155353145520906
17266675100349454534
16361618298734271090
17476503169439176697
6102222852233408510
3398617906393665377
6065781917121187435
17049991510008835730
9370926326569467714
12431642813456097085
16600225496759177781
15268911301749210684
2610190357626682670
7775793296376942459
4463781344980689031
17569630305749180406
8819208523662960840
18139777327567322190
1701199574875716549
14352957329424018788
16272100853131957785
13831585803270274547
3115596063626417178
6720284302104770469
6387890712531847364
11495604497092505271
13416841510520290788
8715611296818325915
2836682435351097334
10665394394514094540
14275848389912990550
13963901201351479302
10599134008330726250
17723835911291622674
8594158350048606434
12286944370476947525
10539513308636979932
1258296354538761361
13675623130474355060
14341675183194117446
1293658935427427930
13158361731102514061
12330922590957371222
12429371179152059248
8295895308392558010
3561412138373983366
16194838909035383546
8931164904386165564
3135122789951190995
15276544550758748263
9804282179952449357
1314565963876563927
12696776800014536448
18353353836397235385
14713077853576702957
9444229924948579065
14591936898604775469
18082026012452331084
6145577352694166035
5864780201763907495
7879002637163805078
805343051990723930
12937780177321292693
8674222660235626095
9762442497938710662
8431652171696790126
1501237640468462746
12221840210580716748
4601312824704681935
16306300724735472728
9995258867371005908
7993939661631056748
10975940469152241195
4379222642757898392
7860092385866803407
18341662176144647505
12323583111309425308
2766758651569571598
11458090378926249349
14538670438601970018
16949864567514545611
4936849222612745611
11701528946016625670
8135396428796726502
14931642703300634556
14115788241902261856
15158643683355185630
13538663423443921705
13307529994901620451
13572443421142911422
13646462210561314011
4635366947554616650
16571586449264301019
1807698766761664285
15893674098104032863
4556830248052535200
17717291529022381026
10340468602089162091
365883556834530271
14405341738727010926
5045020277342224696
18262119721013059192
14335543633322242667
8992773043621871477
3946333560681916786
10788391333088960214
15266122341816545117
1171235390716817886
9861806918337161500
13460091084326976206
1925641318397589696
14275501168860529321
3520788341037681691
5501943592489905852
9803741141035225595
8208132652076831061
14794742886063905904
856417525938864437
8444875498480871015
748951152442452706
13728031377534198582
3380403942832264325
4969534159060743416
5048025365615248298
12050274828805460885
294955210765406734
6191345997882032581
13120143031467682533
7459215784632461776
17512418840033681699
14329855777050231099
16595045916242520965
7494939269922367922
3265498025597370995
2304723626501517389
13737278338429135011
16994826258822954949
9463480814850754785
14880022015651211164
6862908931428393370
5620436132065053421
8001317252903558550
11768423238271035570
18095589407211232191
12456435574038293273
10652475035965202067
5286278983183070606
6273391076656016669
9773280998509004287
10883903963773101328
3123233178641245310
15757798147042873024
17108636312380551124
14562958251642736052
9736764756376768424
239459099393617047
2569506234245981274
7691907947183741681
13970547461555603818
2788378460206397724
8601224053059337574
3070007120147024344
13330336954904642751
17009314261675782472
4998176072429404335
6919650587309612596
15912794784885664868
3222887708682804035
1267802800802617497
4359659776364776302
14192189105107544556
17176984999995785631
17996956306754227549
3913625641993031225
7967183107120655093
18204392285608843404
10425772684798433448
17996275645019864041
13198839678691661410
15476981200267758965
12533181533722629309
12002571602946581742
17473047474626909182
9156866122881062501
13156327592131555192
6458559678344862843
9484218311443061213
4411046065186370520
10028120083869967397
15633960939133123385
14406013672240585473
7750282839171383664
13543723764650582099
9922173954360806375
15355525095678369605
120216635865735282
13621118682026443011
2467775512690745846
13433642546617898109
17492563106761773359
16522010222213912685
6674994637261316951
1840607522695867471
7391484016539780598
9512466581652346873
4732807859647901103
5012405424061596078
11438664410092639704
6266423014177191642
9296757478203518136
15329046229649918758
17202191164291927014
15674642493299506276
11208441126503254753
5547706577679823600
11443698727958701914
4197361146740730712
156974336743435366
15877153731827025897
7786509782372423037
12231578148728375346
3317306762093386969
11829494163517522789
14870317796478635751
4663594997818262329
9168723432484626580
3686291676458862059
18381336247765471611
12353530724817800763
3738104063298080952
15670044912174780959
740405060438016801
1637020298742822611
11381531873277661486
16516339479058358034
14715135657449179521
12227274895029837821
3286999230531331494
7180055464640291967
16819721855723280237
12410150747673818980
6249787757860459374
2177821230938290382
12747508384153668993
16865484319269712227
433771664704065994
2354966315214176066
2862177847927669926
7330982327451870883
4396833623115275280
103775594980276841
15024159180039010506
18302498664016630232
4354904190541130778
17681282767651273683
10462339116153534400
10610632306384389937
16112105583477443202
658078073215264385
6151415745166637286
7994087219251541900
15816949910666277986
15519997378337000666
3863483908680992569
4666257877073669252
16267153023411295647
16396155544616330851
16439279081216173587
9079597510426496185
14619769770007319629
11113956408197983145
4279882535760150248
254255137574392478
13366295168665633880
9939170252637608591
12456563992809219400
6288228236586679319
4852413881823587323
6169770325992129246
15033420305133734477
14357501146258489659
8992032824055254789
12974869785726876956
8859826141284556917
7639765054431330488
16617368518329695838
9579928872037574841
8987790835612096618
8279452662831210160
15639113056827539433
3518372301478824195
16070300068216605888
6751417941303619968
16550178321421535
10878873406423827709
5427307563402853572
13076270307070234745
10686711272086047577
8268741391182957887
7551725410688287749
9799278567585987641
7877086244890567603
15370603187081938218
10386126383169799468
3160517074879964889
4291009435041201162
4775693697127785658
5184506713824183914
925990030818912375
13028481159891232131
3036353004230829865
11352499103693628464
9141943846038001882
8676864021237732594
2704486012106293709
14272861570428461142
6975152207628555540
6270027511679553165
2986242300537143787
12690627970919160655
7724666115700710939
51404326408366765
9036616106439379401
11855507176812744791
8384629150371551153
14332004706740430827
16538250388426303906
13010331766283775708
3070647585843715170
12272314294943308349
6047573907853277803
14086905840141231388
4640361011275080335
12960392765023884459
15828961287822845817
970316840201702537
16371892267858385330
996392962102183175
8176870718467731512
15773548194871099534
7481046542503722560
5430286821747380406
4814503959831263026
9458380097849738372
15191882610681095494
12838483647233052406
11970169380072138427
15900420189841133857
9956656564684505328
5151925742053271806
5104802333858467931
3493318018778382493
14074435840284024229
9270750380850696915
14903421836780263992
16561856107343862042
12481382124977907620
5007772416577979495
3424435543761220129
12524099102151646059
8059986170733821823
3820665829979552510
3670570596426913981
6969580621329082791
6722451612430248943
5410355888379450601
10229632363431435880
5492188724154580188
15532983611411856614
5337455088044307862
11239679775044755158
5405986441237812885
11206017933592686046
3249577935826701160
11089686122624747306
14454783303348658403
16133273513086758360
4234486919528181968
7541344714577540183
10280735121680211414
1000770262492219612
2864577992781179109
2119156709699883107
15537745275761726152
4023141074733178060
13064580637998643461
18021791401399693077
4720893700754576870
14189546899144608683
10651176747343055317
439071695363241501
7876155032086780566
15041654841645292272
8659964924314691656
11416739675422036320
3315002434640857880
11926181242373293270
7743054066016847265
8717357419178976899
17717005014037297328
1293758887476150387
14253094484199608722
5571761908808922926
142945464312833114
11657258611976734681
7965422612871322216
14713840681664117355
4952135696236923683
10278777261471293317
12298748272208314738
11911101241162565554
5475628231380291519
16822563922446557988
4576978814720305412
885805274162646606
13077433109235960975
3799315431770895741
4440990915471012972
17344036323089215344
14286429496808058545
6595154009803265514
14500154573320614578
4878921343013312395
1928611353387463322
15627698182880834507
9965664041977210333
16670045665443056827
4111722691678866063
15088137785714626762
12645610831535991484
6403129855476059071
13814395085000988697
9244157487250503537
9326448129753606613
7870557484153876345
2718351259658561110
12471133779941614389
15767488334250754585
1540304186573075823
16432732202722339623
5020415700082885937
12942368165062960388
9036880752285592046
6533906329240944787
18434811306382926600
8061954412753284481
2962595616316097055
7245118674091442249
1704310830940883355
2120725613047450933
6776331531422864505
16002636896437772766
8891098072058586627
12619525545151161219
15198375066185779805
7994582447947556948
17384521240293829746
995776673173202320
12010916457766262431
1791151666336302580
13695405686495154895
17832963473355269893
5449351097792557781
3726179400420677611
6927944050316717615
5896200206805454972
8322049224239169469
11689494449891388518
12247293487187821141
8703461530340092487
5261555256849934468
1447273876247146823
17975536667594207856
14819861419015686469
18356510575929230357
11847480038887107386
6549843648870905159
14106184702589490891
11734414191144404664
2132295546951350793
9987620189089620214
8226717815082302972
8608444079436124110
10462226485077424419
18094394380537802879
12471220513231654499
18135767287991275638
12477114927430731164
8475255422172619014
2639633921146386407
12892318908642612856
6798554213877227431
7851508405570196269
1967807732503829582
9267202492186005288
144456129354132671
16529354907357880062
14614716290837234434
8357354225855516923
2119758800675520793
2820611727125007707
13067229632282249175
14640454023297960496
16260818400347859480
3282572119480018063
9406448693449419094
10489869887639878961
11321195369244150663
382755609137620085
12591872104491242801
888339301445348335
17189294554365342307
18196082423259556056
15327470149429856399
2855197205287357111
4464187065341278577
10480646634840117277
9700236345859522498
5463767940518569614
2105947462066907036
9687407268097186491
3903317643680483596
7278112306824216588
11845686263912519593
4913059117488872186
15785735241228044421
17865770503865972728
11797884789054225159
15682296147123677899
5262213957365358847
11609617016778828718
5477431695081177170
17878684953885485215
7618564272746572281
9465998714619099446
15306056725368009180
12982260393264938077
6718081372692490182
18344417474101603949
2350629382528904170
13700148838560919695
17510999934276759541
14329249178283478060
12016555083448471571
16372445886356815168
4571109772629169066
7643371547799521398
4161869462584179049
3217753591140472247
9598926775430028692
6382212962858917873
9035143335855805896
14873674444501680663
11342756185823960047
4032488592274056063
14830288043257215436
569849241130170091
13322352494510340431
8986224707868059637
8977863225313451515
3671727759989279459
12178912599104573988
13435814776924443648
3912893338292258608
2104951729783097411
6065619522643867812
10583794860409899019
15301968045142677209
332232084439398696
3355250208780841559
13124065844737315817
17740021389374731956
8235074347186652113
2469888285279310361
12346796028455407317
6937476261000684528
16149164542128635705
4578794428407879736
6675861382965769186
14989129777580808887
18206460267585982364
17173576866538190422
8918917855363179752
9176221625535497682
2746237708906996415
1244813517314236278
10876375244276293447
3776152038845013319
18264570731972652568
18094651194357867674
3639445544546138944
5212340368526315421
12630880465037167993
845713142613224810
18265730305461914247
9416000431260318018
14294939957978136556
6497094781291304404
18380980926822844808
2081817591655055740
15813968991931529147
8725610087755693771
5605370800838152210
17318707079680817948
5248237099576942773
11316078284838228641
7609021141765826316
18100017995856284688
2426294567777260619
17369760416695857711
1701854095147913676
13237521364533627456
2309337691365491203
2475082915217725463
5479876683408401282
11008649687939821528
4681236314808367963
17414745119856679151
18158645735953295603
12258668797344582651
12268107426019270764
11743000072773255835
15504235951019852086
15277390316859448295
15318644623659471197
13694739907340817372
15199287992214523233
6175747441610151288
13143912682888598587
15998039376713804433
7574287731451770647
9215858782001839963
9229637145986255731
2239874518258479662
8381154703750737064
18237747346173240697
14392899290230028423
1501175095883505383
949788304815442406
2265556945354665961
16072471607547923832
10752891067591944006
10529785372544179463
7258458435581232118
17848218985218628601
12467382548392768365
207298363027507314
10162225384020696971
9972094048232537247
762630700948071372
1721890830324349110
5543764378021731847
11986193825424383918
2022152869538674486
2983536269109864178
5410568832219382933
8731959457799545998
16557500998541694786
16094191932749960598
12034046917557603355
8195178027212568903
15087444701535422659
9065940002427122509
9897152318314098859
8869889617714142446
2814733743805604963
3316751458756687924
3273494039258050371
4514900900605459845
8924896995866418466
15717384669700863624
4144731489430631819
6738058836997954470
8161726298298300020
15027918106301164949
17972037703310628742
9951730056867407742
10354837861920520356
8193171842186222757
581123021417398353
1267293861590178688
14528563371678956701
11899232403439808989
3802729457828516812
5916288715040891459
3212399081481983030
7562009286002415140
7327579602784600955
16422060089046915537
11346736546097086185
490909227138748635
10548250591504992501
10269507242370820860
5939641888394861301
17054318981581694037
14726131987595521346
15805344381683365714
1328646997167031881
12822761413448125696
7001995145907667925
6205962511844095881
2835524705070551597
16714480512689703479
217036808179507029
14034737188126899495
2980536301068626718
8346163805032605636
15515128064401199712
8955499443415733544
6555565493181304262
11685390216678004897
6297553540902164041
411862585366893199
6515327367225637606
8199030764420501944
3413227100707016276
178311604535829396
5433255418313900967
9051938376597414603
8185228678882175645
1249061036582382255
18107481131398755788
5323428071837599058
14081698321181091632
18008248070386342124
14848597474066282856
12396706888235034283
8580787911014588880
17736514502461264789
18441404890044234207
13094060023025711921
15285776362863405848
8567368276292939481
3884245791231734260
14834764859742217766
16578591008683981214
1621676627513550422
98187652276632080
13838923673955771958
13885192128791109104
11517776558522208316
3675213617661137219
4091241426403044061
16903562167485019848
5666828386225773992
15058602280722602562
9458523583172376947
7084026894763420592
11266680816302809082
9255807773622484252
2887963827660797117
3491866003069914952
5656513579589294538
13527711346094714922
3493059671482001063
15729663910703522585
6600395243100883058
17620021040874931171
3064199999297529853
14016231522129949920
3477515803155464559
14593851283993310117
5453536454507612766
15405038038494104336
17199750913935402459
1325638167445124154
5867501552711280130
6009793889713984006
8617944920367069752
6221360486396472219
9156128962986147393
14581666664491199765
5337009566751877046
2287825052568862163
12975801099142752432
9940499522126365259
6424530454506335402
11396291677808213556
13211403342213837635
13897196900020857733
13405060293491974195
2417682529916009430
1105391648466544958
3016920800774021328
11509863318953081588
3608116018375328263
1431613584206454791
2373350629932346358
7244344682784576717
17369530019255128599
4857127848526941059
7249960190666522916
4578295088577445792
9597664041469749375
9094029514451043134
4823374090974810453
6405009554740170300
3430448251437785047
18369645094612010767
14040283886115435749
14829219774566883028
4209846624581528419
11012691779062121127
14326884605117505699
4393439617511958750
2649521207329284403
551482209457974019
9993377559388525668
9942641364578003594
17847679837920007920
14688050357251770970
13727788291068813770
11491064547858134037
15581623217538667903
6361152307890314994
17463506448041910382
18439989946303385037
323843811718798120
17051383115421052713
8408747970644292333
14368531760574567658
2156362829688900480
15545029334865035161
17122965993228819089
17385830187049309839
16885533336695855013
12977707118898362667
10859141255724691974
179789467728256839
4969923567234280613
16363702000394011320
14646454432838099649
2515913179676445699
6359608318858710730
1161927613113688619
42358870626506922
6514988284836031962
3408838355905428802
9233809866492056297
5649160959196935781
15856198166383063768
9529244484523376093
11521377856976707929
13238920497802224098
2245112983237578244
97821516766556274
663508406226500619
173591157850199257
13984702841578144593
8855905023641379298
7488692251890338305
5287264188408418765
16284999759469493030
1190576516252224086
209175524893047009
2948549511887862573
7703238665856404265
2546408788272099863
15682977216356969742
5417435757989908927
10467487460380708365
6362787936622909761
11905486312315552373
11411284110911267962
15941323605582561345
5474853000118466411
3422889148910651427
4822879390316488956
4179979063596039043
3532318555411825701
1727560266098039650
2915545165026999098
2971556375304932903
12126838468343178523
4796982234294453215
12384602419054237302
7884920038676159653
1651076300993663696
9125671687798261441
10918491575658701754
3358514270544463601
11351946719057571692
18352406634041264395
6456106663288297650
4938909130106770091
2452420995412272895
14269421662256089986
14865572020543079970
10049895282338938063
16711654501932857089
16012679915126517433
11485770882691571031
2243680572513040921
1137304212864028265
6949328195555646417
17670029379992611031
15187693477906162047
5208822152263255469
3135012989659731397
5281478753491827202
8947509045187527494
15149307848471375808
16566362016708467215
3064380432106282468
5378195079360977970
6169673569614093348
3396951857602551130
3804216841088268216
4824824733201044085
10918257642204256771
9701391616711376232
4264688799765556547
9747960909783229671
8303520898561932168
15040084130468057184
15643235206025500079
12633530324603028682
15938496666403503712
8056675495333567211
15767246692673796774
15337052807498490834
183309296649921686
13642771660235980456
16001133478504225240
8177092570152096125
6477328030733605358
12085525272555368707
8333784242778378595
1371484973530248229
4604610188817439879
14953634509269240249
780324898155398284
2235901895438796264
13457756191730807798
3450831170449893656
15328697769558317027
7716981929776018474
1583975730933310348
17081299948652032897
5426401010063803633
9884474142881397910
5415857715764264498
1892606462301008581
9638053624628773590
6473823452043362064
8165866797377361449
9936599422407857045
12944501192445777056
277198183356039764
14112866554492002461
4956413677696877151
10605462863796772978
8771744964312207464
13794189733445191910
17177363063006985912
8206252065424541415
4146896347556732867
7311433675203035493
12410850798534794476
12138972720403689690
12890179944520358338
16092243026426161124
10414559849983527473
17745828781644062519
4918765435315049407
1167106915864282146
15745153793545087850
5526842488473838345
5636484376108891801
17974401330351935558
11306508243881272470
14948533031016977549
1994884032735717296
15979457597565246242
1595934669389346627
2627292210801021767
18401567287561631238
17179330414594378996
11844076604877390443
7118393782452454714
1341581092839316970
10947243098914973071
3635365443338806368
2127280927473259169
2461531583937357008
7768742985914249750
7622576688571640314
1566700202053861401
771173625784314002
5208385109528279290
1810958885425491050
2052586723957297325
16599933970179030052
3140891295174142557
2118315690251295858
17532035904583851071
4205436641753271049
17138400669520683287
4466802840095208621
15340959988271485596
12726284076027300282
13131887247199686236
349630845320592928
12074752754518640556
13600119782968896914
16013487362616618996
4128806319490420088
16772084538512544629
10542053849935449634
1042805861149934353
10737132165146636869
16420849303819508634
5892204125360256707
10127985033580597205
6356449641095662231
1916816599527385169
1544221524757162098
15330770366186099118
7182915954620825081
128522535415914996
9428595232350434097
5278753304773184180
13630772544023050398
1621571888395715397
3147417650499477831
17134863627207049972
11793446160909543967
1136360242406626951
7721962105267518178
4846327482418628223
6400287206582087349
3541345419085282869
11612843156401945140
18152033207826426202
2007161188968992695
6473846127412405394
10813134569669123916
7598923327424654259
2455188450936112175
18189938513901090850
18347582132008110144
2476064832167104264
9659469687192682517
6874332130189730767
715722718693587056
14236942613810657889
924512399909761379
15733226982163452234
9652481056915776279
10139084954700860095
16899699390840098723
16205592566863178725
1170867217325300339
10853637598496808658
12422803625900471956
14607321691055680515
6758662746044817473
9456894252883719559
18042074622035881798
5325203465019530724
15190542166639621988
15487340150547303279
13729589841274669532
444430494636188535
16723356297286035505
12013757722289726397
4696047818106206641
1025147590978655969
5644813908696937146
1105799648367764299
1458348399816812968
2978839245089815831
15143242211010749326
5404671658246519646
4437959303314831608
2709916694585184515
12965370145586417802
348917316080720758
8627775533297225913
7593059706381494069
4975291556587595425
10287592924352511162
9318299933071283730
4623527889791525448
11370259694703494660
11928095126867357363
17562358365149461250
13420834166974053118
12446948969442532653
13810178503776915482
3340576815408116875
1952836890561262241
15131020529138458608
8051267970168446755
14805203140712956311
2016007340759729301
3842417817422943216
329244777445523336
14223243018673194735
9707443374377825692
9882961579502785056
9847529358383118669
18332377049480390264
15408952165129554017
3343776175472232077
1216985533419678873
2142594997759354606
14085941549074001611
16454103903399166059
543150713041037217
1963103158538735465
18184349774846738606
10722693508167959641
2564568171312698453
18331468546278386418
18390298934217754116
17076361311885253164
6471513382449292635
14188747687951307749
6161045808130726681
11594097775551726958
7074839078387911998
3679275886238532947
11343258797722933079
15336477635575608669
14080815807024337568
6861690661942190208
4215688142464795333
564834669387775998
743275667167262230
8142075064390613303
15768346317533476862
7173982306001694152
8891158881356975445
7288646854802047796
13290519059693458982
14666063215838059378
8026840570925989155
6547337247307072252
16475107277991313142
17112924739054033042
12417136870287467150
9279990112761816981
861193515741633148
4048466132369244848
11214787454205436960
3372814655228904522
4234648678652276631
14617748113950367803
18135415782834670234
3852752275243913607
13136589069818240108
10954423476659889462
10484976264774357943
755369041741649036
13714398451394794113
6320911049077236215
15743829433193021829
11746874215762159156
6371311288779144524
16513010762853511964
1274315415844121427
16455416109991374182
8312008485751908359
17782583744598534604
10190771546132361087
5904678327068265449
14966634575654709277
3183570294185231415
6016023830370635369
13191558762900596989
10664741295912109520
17324408305319692185
6441467809733557295
3108631408201016671
16408971271765910303
9496163953642714830
13740184832776328026
14160277447032490079
16681940687185220524
6785426867588453001
2074170370909816421
10632970165768721273
5026318258081546179
9679124066577471452
8614978883261116370
9165209172917699516
8716626986993259827
9599528200961157440
6702390508456126769
1316928697908592132
17160575711955867657
6825059487941745862
8620236210076457339
10297823846266748566
16975083632850414823
14209352150150986133
4728231508375704082
8658868536484086630
121319941899572360
12222661812657286966
6269762109910389982
9224728224904817078
5665570099032639872
5373008666354826046
15272709502492645442
11626692012661353378
5434477829682335946
10958677098941944449
6895320439073485584
6740744992780206465
11549695739873399094
6363341074657268273
16072952907787732940
2810749476652870931
8885986642176211317
16194016399359909057
6705166598360428889
14871853420603339027
9058137977120997347
3727645049894644768
7099331260801841154
8764828329261424552
2607188888002596787
334051595335317837
112832626588722983
3699302676515968051
18440028033215652837
4274424930428066544
3329932232229131029
13924015437289028364
10738229813905012232
13813437899494270036
17211823268337745297
4352047201363174409
9128220128650978266
12050354228133550970
7907040640220784394
11418219365398146787
5757670710890921888
3113108659203090605
16402548747756810503
5453573740598080351
2394911351606088870
1496650223249782766
9113528994291053057
16153024185774848159
14512230107986041278
1653967364551239253
13002779022756809556
11484265566554554977
11260893968830547793
1178825758723273915
16679088507200809429
7587506160199466994
14007290707727233275
4613040384401154793
5192511032029946060
14062097973246581848
8055592875838568413
15083565812901442886
1831756434388508256
6532703376168671216
4073938326875992801
16425407367297982841
8784298955640944131
15046160236830546681
14469622225342847444
5610051650254583137
9767151530872346743
18426533149258719972
12889850833429531415
18292488080822129622
153893475687961098
5821819571520148325
13570477611229985900
10449809826670316805
5863931335417440951
14951318906117284198
172795239635936273
7496044057333531638
16521846636169110975
2160999123289169312
15073497022548020010
15249677635223590458
1803445475399460144
15762446484763124880
604528712118970045
14332891638354972038
3321240371713237716
12841167852331876542
3793955131013205046
10420978140393768718
13730662788871140314
14156785336422738621
3633896112280224134
15389349178873580059
529289820339477925
5720992451448123350
13323497370877662181
3169963976124841283
11568805070672149027
7341653240281697960
4054248964850550926
6824849078162346925
12261002031647784869
11069406754960635193
6496158652662092080
11259164287415002252
12899604799299172567
6362661565943552552
280719487348727355
11074213804466650461
14161277745855323791
15188389215266930825
8730634075554195238
16936242262469155085
17615306417460618976
13988073206150629356
16823913055384885814
5634985214789441410
7972550665134907749
15013259228735458747
18074866996074594978
12012481413127656140
7980100385758351258
17905624727200243104
7514179880750555112
2604319750341084613
7425868829586967649
5463822456277072926
941982785018888047
17488184388926828239
16813446887547785207
13989513400248065618
11597330530053379099
7212468865355025953
11409427741064870745
16464880622359965256
4096069158559546752
15892791484852329847
10173389394556501903
5845592602886707040
16344267215457530982
12139142448207040296
3017983364102014159
5355942947050336430
8000497598107146611
13312017417594750351
12801252249791653293
3980011863015748981
9800537648971603793
4242961086560509814
2417218357703315780
1089286743122432458
10412448812040575757
13575717077490101596
4439031346124988660
384275732412825947
13775586211678663364
9090556976272671191
16401615154756982757
291802393805983395
12462408820645654762
18362331315891629317
3746668228160164482
3397737040522677430
3060041477765822183
15619328663856974443
9803366800238923259
5429365784094727525
15864095493774462199
8743733775535709049
5251306987454815350
15638492751034716752
6638022510002863535
16611784117849441228
9711544755165358865
16405051591594719630
16753906729106825988
9843850726462175278
8269869046314789340
4083646928702741831
9424184795863380995
5106002415941691141
4048236779947618198
7267775128677982688
3929170354359521222
18927426812902488
8277206398573012718
2864807316082817164
15491231029197975088
3663444602230364032
12588866739831111484
1240777577386542520
5162845670629588092
18082671907760641722
8944642440031598017
15820457331236053453
4852090644132925708
3246456113187385737
5418452746950144676
5942461192301064413
1804466466222604993
1528032840111834165
939327820598250636
17921993483526621804
13626485060474376349
10126599739179501908
3664176396315589743
14328272700082945237
12393498696413541339
10869332723275020497
13824686585446050368
11614350017449810671
1258595040710165858
233667029608775779
16452954122857463073
10892977524578742174
7502758314977055062
3832137192679169882
17588578855313274240
3967062442691962638
1864749163625543489
13010760595558084715
2555427227440072168
4353679108239918064
7027855031536954557
13321591376714245490
5776913957568233871
9535564782279706425
531038350207045010
11628003930138860202
14039118878404131485
5289289432245652661
6752806827276347833
12338415875626394007
14687864442169244928
13329772707472376930
11253784801713630856
16766034020428764903
335870780946889068
6561390422645555845
10298726425793676503
207797378456457245
9628540392618103237
14299918341648323797
2563935305493695606
17131706790014372229
18274415511970429414
16095294312927915183
16369474875249330272
6730486219131849399
9917721602524269005
10257416267226292966
3831950369791020067
8843715276281062496
17723258835465944487
14584331210494142770
712281268836584984
6868508717572285065
4138740075034279690
8468295663143471654
4644865954004830447
17538324655897141994
9803026374918580199
16441872979257767254
16324703709649130182
14255811482836900410
8199925882861509589
4404886337036064420
5352136412755924807
8113176478921996040
13021015241224374054
235358004238921893
2113822406686167946
9585389398516759480
7407238534335103046
4347839728694187134
15076369372796633977
2004100717716533209
12714832942518901001
1463354850907600291
10795655908960051
11010940446345481897
4423117766682192589
5703160065338353963
882295482591884459
12549627294567863313
15662816433342748133
7794292782388653491
15392838527496610870
3752257007887044770
6073909261923645800
16114894656871844456
10357829045222193495
12548764775311818096
6686508565562645073
6571185953741952525
6508056585602270829
1181440885602895239
17922649593958142133
17859357565515283713
8018563787442529141
8526086378840425598
7180317557760454493
10638103214351908213
17343337216894190491
2228560629422737673
5256941221750118080
10636752341027797880
3642237968571527131
13455476840784171691
13023384094696177161
2331657408766893250
519585907647200265
1326365453817979865
10235443189844507398
13990078217046610473
17805494197247873769
15108376475793515881
12811742508719839527
3628125391998355200
16766334712345137519
2647863938066729112
1265199046003244806
11988383768277675130
4019909457780671331
11800869318847392798
9470636432513955088
3244747424823618869
14316848500216808888
4082188938361204727
2828870915600617475
11359573089687977881
7337901976819095221
8177983131603153347
11829314354793171115
743452377299153182
9426867062694192997
896261151646834487
5841388724122861251
1109382497536422863
9757136473303708969
15370392304937565240
12372719544679611360
271608625915367581
15115911052103220610
3486484066661785129
3574394071127468736
16850136774415638097
2754930361353972605
6579964878395172511
15898236581054135310
84316241958545329
6372387519426586746
2281062203609468502
15870891396679219183
3892172525664378121
11710497045454193469
2808687203588528226
9604439884181619830
4951806195098972132
2696121080206957842
10711067306848826798
6648119105505321360
93547890301505310
15451375477036752749
2746304130552636221
14476675198679626816
16533002342579236377
17802998352226464094
12764411365138346051
15436946514604237243
17740955457940226738
1639986767285178763
9969477125412477516
3958379084921927575
3243205681560424376
10470661900904312674
17572253587747723779
3909397678368973705
1606720865158827867
18081739746404957099
15979090850481884224
8877521335008079940
1136606335020475197
801578922091765516
2308137405609402293
7174025983319664228
16827730627703016877
15262728193444787938
5071196215819440893
10249016200291035892
12621682526218679384
9110548898820952714
7068275033145261448
12613978432153228778
4663808490061357354
1325892382697345962
155330323192108749
15701207975617857179
17144480739883614808
3580140255913429337
12116746183758816992
11798962577483964453
2041755112725254262
978383991311619371
3870985342876678453
17683974196116662649
14685568223919273236
6535731517703530995
14610657091988408936
18377161941363231731
6495868340426341108
13944864631686314182
17990811417241813472
2074995934479435322
2005007862239537776
3767692176206117272
9566271929341361978
7447873189802420303
11120569902973581953
17362408395326864925
12717190678483319696
13554047477003681496
15423567797323460156
2923158704683911239
5377299726720671992
1607873770613199723
15425804828155226688
12554931504919788465
3826446392597097025
7349583991317126478
5506480974848086135
6061369533769375196
1309580009516522654
9683535326279300817
9377317074679530554
5875554836555709857
14966122855278274309
761460139997948749
18218954133254628799
12230641995664020463
14899425410248460500
17515612699621752219
11020210896778573975
10972168826085481968
16160183528712651112
12882938587317745988
15428364136089551881
2472686294406739181
6863358563922912908
6848243543642669316
9722179785665566270
11536799798902661334
12025790237937495165
11619694591810672431
6613420977371616856
12028147908338345473
7105500939032661114
8307816015963932478
9015282458744744392
1919971611457818449
13595106486229353864
16611906964577868518
1392200946070066797
9810188083376640876
11033373179035270573
8615013995957021591
12917630371300484775
10884773508040632526
17871886005550715008
10345901737036227999
14647238866643060200
11424265247731288558
14550973772989282390
10433140276425089822
17177182154045662930
14188291227474543578
14448138531493650952
11160506729469466645
88968581725368252
9512270406588270729
17369543995560842264
3810860619556587941
18166029180429141859
10357929985953122501
9920283389128477283
6310471116136735410
8865303458805571894
3408928807363777156
4157942224419233985
8101384794695401844
13463722231057286962
14543287897502120994
15453965444970962199
6704999515349574994
3608876886320517808
14047347308289609953
3054335068138508917
4708461102554973335
8355151804996959767
4163817317965791087
11315577840472387223
5700100185013061645
12492841087971122990
9451336473287715736
2929655106897472378
10765833691528283590
4231689886811316662
11549809760000779835
15471578831632506601
3812181121444268113
14496871115962694418
17061006163339859222
3279820687813135078
1578124860521213884
12880399912735629663
7219506830569457217
5125410751393711332
11529912311385964114
6001026860043747822
16965436011207676307
6083495835501176110
12287307700044542846
8827103618257896193
18027932145270660726
14795404737803166205
4596104979856808064
9705276353266400400
16314479165742242753
17938559620739109275
5043100374378663800
1658585320455295891
14793968106807457338
14596814071909855212
5840890528207176478
16801077278805306634
8618939782030718834
18427975513894210762
336962040225709107
5659359938043491053
10018088473849979728
16804589256314375224
9206468145359963167
12963464456549355792
17012045864059361256
15014329969578199402
3157700343675708826
18395681860437604847
10085220882300817290
9895529750295028009
12696665519095182684
3584723619778121868
15987009454604442696
2542088654933265225
14451716262213895364
17287061689440478852
2268624214401539606
4599891250807692054
13145615051859970974
15513092642921015867
15475145181267376116
15985086375874969000
7262388726529514942
8565527794096823529
10496835695993232003
9680587623121829529
12987549941819363356
2756194236046544948
360005849895820838
18276168276486504107
3193622022560414783
8498382035383631439
4410578413440708959
4367960521042422240
17603822106693644916
9295180497759144793
14674449256255648310
6459519764528018690
12158375537083702607
6038665420825407897
11363734394207167055
11720692345169133993
11652605572176814861
2284847381470524048
11357120914197685658
10490925640253395626
3967664705005578507
813648001062427781
7498143100023499788
10586503810062786466
862054966316889625
10932383164607251938
3983575586842416100
14752144616469359814
2991229895434565128
8494952864853808941
766732518362662631
12431144728138197312
7667703501165091296
15387425535559390561
7245715056254338731
16006213729521891591
17757811175615671233
1308971415754668900
10839216319029002453
15162635806194483141
6635706921059921124
11563244114568943923
8994748423084181052
15493198244207806224
10692000741411243522
18019550045857032663
10259724803629703762
11581807835107347033
15833006551926288863
134343044788684043
2162649260043494131
606791077104361170
9547846359317729344
15716243067249712531
18302320978274004459
8826157649240554231
5405432737540858759
7291501149503065747
12296161552352734542
14752613944894299023
2092319856260769334
531742039072514006
486923840838857656
2409232475859672882
8413132419422014730
14449177235721557341
4630691432258391420
9206032217647719340
7073383753957800177
130341594258542649
3947289790877992170
11049514750802061645
5730536319459507252
13080865070559761307
9411121359072839149
18290665610208722520
4768064887498773523
