8316793329533922329
2676694963899675743
7332732545159862966
4134953627207353126
16548355950127655074
9142330914870291965
1996384845490512032
6849812382163075965
8059397348135800125
8794149876837733123
8394131525335173932
12087245894169104166
1795495080799162747
10913156156513452544
2166413878290014761
5509381445649127271
12228358260740615583
10689317823245328388
9612228805134839863
11712958429845283991
4367118773502561670
3556190138396720102
3610013670748477666
16840385464951886640
5901499738660425949
7897606110912456417
14285240767346537684
11834440617329552337
6787260484550399618
5426827059561666762
16176337293237964855
10349663117249995615
3084656463631555972
10028141319478194540
6105184815222191142
10184013062249977260
2040877563022833094
11958708682038583899
11421338684789981102
12885708638462923145
9587888916718346713
5555173236494762485
3266162097729653580
1457854781476743246
15016720353568170540
791752170965354908
17864167437123945263
2410812034758262235
16025790003348899644
10223503716563002487
8402586339916148596
7898945990137283509
2298057339057986338
142257053086658127
17841676527201830865
16020226351267053641
13450303052023687235
16953137130858114482
1664365881021690073
16161771741731705444
16294942160556221849
8513997762946332003
12321102098839366032
6173033851006620918
8288416640782660476
16124855641861878161
5036847706393644988
13324614227810949972
5995503990452311805
1880436422734923033
10100925739171949894
14265470008966827495
6328543032553342559
13716690941442810789
8954564497295861757
17845039370917069983
10895579866311251505
12098460153521365228
14737950349386136979
4656758382673409202
13523857416325528886
6070059956396365747
1837595544126109871
5234361002150239759
8245644791206628518
14449305109901110176
8855438282042645774
11463392294609424146
2590202787703337528
12259335243361656272
2405277205967216139
6167781995234652060
17473777579270769206
17485887253845622748
869820308621159404
4795712718786199828
5142430366297761171
1850315064119673167
11635942339730960065
1414208473234103998
13140450526602455487
2497194069979104704
11039057212823187846
5767030217752902774
3827429706710614650
12446019731971777188
18207278230121453463
8627389649743515871
17878890377813276061
226633098015662702
762711022091857503
9623407820056137252
2896102056076828182
4486768548417992421
1477142151615114951
17091905863052626961
15486366321741951089
9217742341024077542
10317948145714058386
9241148447641170816
15638697870634642493
3582100456573507772
8240617773537428130
1557302980308484200
3095229554201184664
12620438980285030456
1991819670738894887
10267488523904158949
13538540627426954320
831721619732535514
1281294447113215918
9762555055697336203
10933507135546111583
1643349376680825
9141314452674747156
846401314959513064
17108017670860086123
16505102938587745489
13727045952231420412
16761919598000294150
85353477710266207
6186513841845240585
1359565062025700794
10516878583881502711
6816639901112547945
3254152902960928364
1187486392119377831
1801548816851326097
4399395236239613367
2148145976379791984
845347142047220698
2374232040332154230
7645963669904388005
6083023032830517223
5440402056335169105
5973593395695152104
4913640273694364694
17354174208610958361
3343406534218825688
5316975086579122900
3987277562220227060
18334414159548723940
12250498599954028212
17280166828363188954
15598392240745272949
14547519450022586100
13997702304082215604
5027756924001977168
1246738595398770165
11524955107144724248
4518126670877637545
17756716752010490690
9735806658377217768
12837801951153588113
6682782029706927103
5387222995802721478
16022015451556402192
11870295913455895730
17116885879553308338
17690058997096203292
5070975749873585822
1536030003349255285
5238732441092631702
11875781163929375683
7024190303649975515
10674783058387735483
7744788012823086311
15127692716631951475
16784485492632227429
3912211813634388307
14369576026225623477
1468106104374334833
15262885525745937055
11164371462348941097
16603661599507984815
12803377985117277018
15548206934256105600
2887959616573843633
12476240380350726218
8502484479803560376
12000570830469882681
16901579705421748111
5344904981150296185
12780971846690045078
6958090511279851329
8595280897321773665
18328582027507251870
10453112653171589994
749450740294130492
7411321626306067497
16843720990225214584
5707419031957564730
9436321682981105386
4041518854622990383
1945748579089465986
10714200987494880485
16188325435198033948
640638441132636540
5040326396948422010
3497400668004069593
14200769223306872262
5447418976617250215
10637499507217217922
8524330912221511
8488615062908093772
8903837225561572431
9690016618594753254
14469249807839954008
5113183538319530212
4186517886536735409
9466916119402414907
5713636343090084971
9799346334055020647
5927436538289786379
8071418489515808810
8479556517849210347
16364833780504066094
12001892365499725600
16726041475880241604
2918801136104463589
15572902104670642806
8582692357813540842
1120262574483790853
8972898140188542236
2325799517763749584
2460505647070239055
13202809717408362562
5821252985278263129
158118712556907667
14443067745721442434
5156167747468741206
6601768539845751318
4225435432707172582
1701640484950253660
18443044970002083744
16536638486147029079
7274444767877617753
6922165097142681629
18294141327752923872
17784053524518528198
10396620384148362810
14581309588801708112
8860415433562891959
7950914596597247750
16289411036140578868
5608410128960144184
11907919461157850050
16674011591521924590
7880989318362173734
3618730826661462106
1620817039404121535
12467622087489397753
10533937862199280340
4460187445313180667
13425518723943863240
4470569813135374532
7923955825395146164
11334454907232463245
17887200233434272824
14510252157631777764
9867745866371413172
7858148342067393770
618887817653705526
15802710630561050649
12822342511025048398
10282042010426660895
5772979955598196054
8075624893670039424
16620372593223698389
3885615495124055026
12738734265945200674
16182446990397348667
11117394448500040510
3095294700970884236
7775156944478492519
10484147833612453445
9284481021178725018
2227944771933000405
18207558908938045161
2981519386019095068
7374243091363813559
14741917199281628845
4256670219227823707
563705216167444659
636000699416467630
12365876265727706193
15419338014361279592
11790961462949614463
388033697325296358
13862273397775236396
9653467773066262006
2119790693592654192
10035439525751607625
6877692446378060826
1281623906635876044
6821495083867018909
12895318190032230211
4524822729564717696
17861131312697969891
16958806554221832859
16249213907535477
8356559243518912495
10963254768740928039
660210084452002466
4353254736156339467
15072734611906444422
5001254399890538512
8044973270609794466
14354718940133924203
9100771070618305008
1596140814768628593
16057946809403708850
18308284310573407168
11662942127985578823
7159084488037796162
8831926599135371429
4117779160584952428
10658658833381758137
15337897387356903560
9202168469848618613
1465742554914371653
6819866722376320227
15924582482899288499
18191667129579938394
10923159786651199206
10528775617050323066
1148264652939332301
13386136700611174329
5415804361193956945
2834805155924728705
6233660982937631456
11815921225603769305
15033386620908547405
3829894724431515622
205221182023450934
13047171687598358593
16567409798104738597
8374165893687884363
18438855226348905574
9429924740400481112
13553055460197538405
3171460720011216836
14412469103600443827
16463389300870847226
13091872966327770994
8857256716945825044
7790016367912570913
13122599207818773263
12811579868148879302
18360794944171292951
1666723119941930716
7092935229489170592
7134936251897727088
3301874630852419532
3427190549607550817
9041689355105446986
3921153944050599407
5405322796739708614
814951671377583753
16216413926833158928
2130708440235164957
5449657150580774072
5667916269260356186
6318894147308910714
5994322241258311732
9068483341193130439
15820863038595724579
13547609354589315532
14115386467820842315
14522470068385680315
14900521600818215871
11664492156082730043
12673152159609719852
10689776811067949241
11810143395137213563
2025768084674050203
16375754618837824700
9400639533825308880
13006257782472602879
13737647091152352955
167426541907722300
5783777262790441919
6250096922701329662
13870233484551305851
4398616392942401035
12541216519778108737
3125025454495304245
16112466415101609121
13900197236513656727
15652685857119896863
13836746020786299525
7965688192147632693
12342091297733669430
17316040071783313697
11982618599684144944
9917970865011680692
12277714571675307590
15331625771682690456
16003706502974016113
5940603629514020239
17027516863460902190
38115418984453189
15164961616846847808
1151435374757328309
3825375550064753787
10678834447205202352
8403079379031805748
13255221606191492473
6247921892511998696
4514068658887838612
9677368143258533191
3008363780601540745
18370842864120487791
9757462189989509034
9071321730692725205
16048006586351165904
2038789186026648375
840833398369123450
9554135993580625179
7639401770604495114
3532784561082234710
5262500740962750141
5313108465034756604
1267354111248746266
11149679176444084706
13594643696015234388
8569369930604652544
5620363334774929119
6300397543520773435
12991625116918444924
12114807076978730640
15329253519544387119
1948505455349292186
5690659773047303176
16737354670534055547
16840053981845569357
12590474167107525271
7703440108073353956
17896479515650016832
17873931694702751582
11887041663100697838
1551819631781840222
10851396713755986943
16727626410449412147
8140692287747417304
13127063689592379419
2798357823897217997
10870034824641288711
5914074890841760923
7651339255717478836
4315744874518523493
7251179220931213451
5180190391321699531
1479278285518679394
9826064730189441554
18041186640407371072
4989527667355050533
7542992798625312867
6487841872127763977
17425788889468153910
2913635230052299090
4490554339606124329
17115511652402896591
15282263370713737786
1545407117245018430
14240534837572128214
17891662725214737416
6705737792242118733
1928170168985494030
8467686360178848770
8978136175291914748
10373276771346193447
8070116489475496170
17968766818453122579
13936374737712312761
15751934847084726247
12054154478776294273
18214753804822499035
16718218135506530177
5506999215199009457
756344161310586406
4343414844676065405
12406560825526092908
9303700203458834942
14809750541404079175
13500495731422413010
5975398439130820232
6282173548359546017
15471515563944124399
17486077635953204895
15736898255133433374
11900897343144211915
7410051951078650562
1998886825622018777
1639558684803717127
16793975380953699901
13600727371374698390
6758512070666202340
13314991743500197490
86526676557510438
3174402426392419749
14403033869966502557
14892109607242587992
4661701014681130633
2099856736934414034
2647079330268723707
3099286883769799073
11205021040555523366
8323454491475102120
26810767393594713
2558582777966911141
8342736701250751723
11283634250446495072
13055547067338794277
4225237329869056688
1322079284725291308
2225233617278395088
17672832184930755688
12013439205660868460
17536947403534685290
14964660681948325146
4459345845505786221
6386737696580968643
9198346153734518363
14460150762819807523
8454710724085344043
3162974097002187299
8743791434114319918
2156616341942225604
11817459165119475235
5726752136517550781
2987575995778520291
11763224255298961789
1305674290013770659
16722918352458560212
12463735091367799242
16768710004523385487
1403624101082786021
15955531780385182384
10347029204094067593
14318253256136384234
8679118211582570225
8316092277809432899
16436659367618028405
10793877298766572434
15709706350397243659
12724149450408662191
17480783814723436481
9864027893341946144
3470375005704374265
13696427582142849825
6689026299273224476
9666097358817855308
2774721312517813748
15964529474717500245
7174629174752067104
7727031972095864533
15016031051583941546
4945546141404665546
12860867363197629283
11935786566579696147
4261057952917494555
2539609675944345860
5190438921434198284
11885354064541284915
11792118358334954025
8436315427054023930
10796947086718354909
16326447263152365788
2081545634025841010
8717680191154030460
9590295334441291280
1461557709643082647
3466902920406414397
4819483689586943385
10782100023644623049
4982243007849542783
12511126436538265796
13624703825688686193
15024345746798762698
7552882839032266024
9669376002707402140
18241980771565465987
13899532441755725934
12139975314893097588
7150552305197637704
7586251720680390774
11775248717876392234
8455166850406373754
8772019432089500631
199029587198626277
2190723670159000482
17441030192700012402
16402402357756297676
11290102245628547557
6208791187141061487
5251271960714763703
10538992911265970
16563563771089082532
16733526824304545259
12998271504969100521
18313420946843813473
1059626340261531939
12184459578037784762
4273178061074488665
2849269948577877595
834003789995548802
15646995677446140855
13060404341914115091
17856365674557324732
533744483289151347
12604830651994067234
8405501075298431306
1777518012557336945
16613804305378997448
3121303227683029518
1317089276090865016
7360708656942596292
7696984946361624297
7391701504565736382
17631337044016620089
887043372946102422
11746772378751203110
2412217986035740002
11525409286795767737
17164514378277603001
4930273665887339766
8446663152184316892
2512887537221531610
7408013937752283494
16257100367277464470
4590348480237962156
10611560242228238000
1422284771450379506
6537714574465088087
17863492838011981677
1562225576416645855
18320401266198640420
5379335944473499846
17104813623613642778
6241473397014685568
12451721644183776033
5017397452388547798
11390983784272635757
4872129217329805179
9071852076768419735
17236163512997035100
14315604800371607600
6048897160465953815
3091299954018458443
11976208653237634731
13585863495875378035
12208330088545195377
823858595131884657
17767319660414937484
14109244901121769055
9853445204404419321
18392364200022433664
14623805493262351604
2893856553345476987
5980710066803390822
12179715629545120607
5444241595344095083
4933083320560846446
17493328843461887393
14887299019164861054
8876627163835198707
2032412534174192008
7064210202156805553
13601856842247980939
4623018905983883664
6477312072128337473
3535693448450602061
3214720981991405508
9711116626315861538
4181049273475106748
7870918326126120091
17527136184043010429
11488643539054997933
16749214959551843180
1645323115145192542
652192928304775251
17178782117955830901
1518378655657486325
13187375767438212868
2985303442137029594
16891275289178128237
7368607824914185352
13846149909367970578
13481944187571633970
9458679747731500533
17880900432398234741
5923115885963188497
5283802624866126588
13285241336919099607
14864773580950725631
14107678326775220798
1554706443494423837
18262830123107481149
11610582043305927005
12060097524187220353
6734523353147572174
5402148993624377350
2539086772283757269
11373622925393117201
16001360837761753743
7474131750853572083
17418612154568744757
6232919506132931631
6451655568343496453
15649234656336812356
12047216804056214942
8773298210161406620
11616241961987745585
13103622669432778740
9500816555582478396
18048172686322644474
9342126262689678203
929091850358384065
7700553552531548665
6974183081936025618
502422118533767048
8793452414374458828
6207482397279822452
1813141982728667461
10814426718297437368
800938806253699604
12606527948148779353
11890794882571322250
12561737506353862437
5776756583307155220
2388475694388407888
3447673834377797821
15473066273668733180
12423986285511244884
14096094573814842705
17309463495930577364
9863597804775098796
13005002659781857372
1802201687001877551
13853047729315456776
10356813489118839045
15765462453381862520
573883335877316496
15798328584697246451
15212314821263716315
11789422525738038834
9117010467560937507
13881550251169512758
6102867531243775750
640777809036028849
15986876043333264427
5965861802015404485
10648796428129305113
16101274902173911032
11669415354823769167
18134900565240986337
15335157838675658464
6578324664819494372
7354594094726196437
3271740829416501847
3771898328128423734
513857312415426896
14171930017677844663
13515704307046759451
13592838905136232412
11185066671219386281
16093013483959812517
16029707953297173912
719029315478618412
1729425755606637289
16105004593011776266
13650872666935527142
14373159912407279416
8867799571716127221
13458442484459718753
16713765621600356615
3059152061464099311
13846502891952169056
1703094618246038177
16066815931808947021
16264462567367966416
7617332097221462583
9205226847772330498
7874221675742513397
5185890502161025094
4975543788346035495
12396938775627037980
13597846892722628758
3281587960482013026
2049090708039694656
2154033281484738706
6867074730593627654
8060693341996816697
14580907634974166481
8644400027650511976
15925747309043130817
6533359526950355492
8874141620247623551
6567513223183818848
11143113133427277701
10180685308781633876
9319414061930295743
3958037216003146945
7133441766117963591
9393055770080049012
14036746634090568479
17494613755094287796
8027119037832535575
17175504128638136005
13968325137572336617
5490736026018145506
5767583232947114010
13705026647435109776
1494812079108470209
18211466381997410956
5935408378206518254
10846688603110416484
6749956030972063798
10323017036489934351
9690153158921557722
4408911695282461628
13570189385461618399
1618015660971083594
77973216399261062
1510505305268364496
10563195495379025729
17981287373292885651
2760976933253349054
12802733976861485533
16637561784420624614
7403611208884175914
8539208092714275478
7511596721148497443
4146677951332653249
5198217819359085982
17772901736686981781
9693885822530153625
4478873925458316928
5213212356021108085
8551391171601286541
16549743836811143653
11107318755021342352
17185899702772249821
13339436796622314374
8927168380638349394
3117666122626189797
6333333866335135605
17871286550739262105
373129427917367813
5201861222462985084
17520322061324420057
1011066214155287094
6552725058901383811
7612252140311793282
6631776440706250467
8940349749159973388
13790430128646791162
4504351686009930542
13925752467069407918
11595760202343500474
7794752786002028643
18381818055184533483
17769102949201278856
10262391316934919963
12599234639927454517
13853252768951598517
17549627305309357174
7021771218033532493
15108895801343095427
479090792288271825
13849778049245072588
17587524770152191358
595061124533763153
15441791156604199465
7080490619468257043
7823494560285961728
14716127764454988987
12755565612334634507
6697517435633629454
10868514335989450795
8048814811426828152
18109476580434514056
3118563373146700602
1237994089919695422
16474249844967933065
7810551023133647208
3996583789146165895
3859358992334730741
12476925160094386519
6442067123662194020
4839322273067224216
17983643847498647480
16201917794552197842
6625984097690069763
12174636168678501134
12507175246053390054
791813073088171516
3305088772851134506
17491603085681244598
8548680212656312443
16185074118490719551
513417466584074228
15823327611701354817
12496038809030558839
1207250834773636986
10900159119658630336
17814622300850047765
4052990103062000168
9406834110650229231
14191310216798103538
13484081268144293935
1855379363813056858
8854923502488711411
9941411872333869573
10058474053817033802
14459176737775109541
7808573128189463553
10839952086409338087
484715307711033881
10075273713724716366
4471780657159180610
9784821182185121645
13910965809352196764
4575730548306979496
11538251159187717968
224682300021083573
382849522225808768
237911197294585373
14420535590594776547
14844605418766432394
7969051155628948908
10064705255379440250
1157830456326602439
5403031088390235613
12088229380910022834
15589034961268814139
1768538105755902111
17196423642473708704
14353635111202229371
5826812218211049501
17112810220296413986
16514273786209378263
14728141183675847981
4761785163661501911
4226520059287565200
1615327481700748991
10626604695916692309
4374251164426058043
8535697566439494364
16699958362455524604
12710734325553032885
3690668595398887292
11054473984274769132
17491957380685048816
13040416992375632971
17640639999317392621
6698119699148320529
7776363595505161522
6686408766154177978
3452867200800250997
467288069680428767
13060649859156645750
15700632960092612828
12610137127017156247
5159275614743921392
3416051918596916689
16187076216392372809
1909781372151475921
1097488514576881515
10580519176453425839
966735664166306624
0
0
0
0
0
0
0
0
